16654.0 4487.0
97.0 28257.0
21096.0 14152.0
4770.0 16174.0
-577.0 4149.0
20929.0 18150.0
15074.0 14207.0
17610.0 22038.0
27910.0 3793.0
6958.0 19474.0
22711.0 27815.0
4158.0 11790.0
12394.0 2051.0
12864.0 -3905.0
773.0 28307.0
-1056.0 14239.0
1666.0 121.0
17259.0 4319.0
15121.0 23453.0
25739.0 8116.0
18050.0 17593.0
2434.0 25939.0
25286.0 1831.0
26328.0 28216.0
16394.0 21626.0
14635.0 5394.0
-3086.0 2290.0
-6010.0 4736.0
382.0 -6058.0
7180.0 10016.0
-4839.0 17293.0
21532.0 21287.0
7350.0 12512.0
15201.0 -2947.0
-1102.0 19466.0
3014.0 -2514.0
-4049.0 659.0
16445.0 30945.0
17705.0 2477.0
-1309.0 16612.0
16495.0 20800.0
-6266.0 25731.0
4886.0 -3812.0
-3827.0 28478.0
15861.0 30220.0
1970.0 25315.0
7445.0 14173.0
6352.0 7453.0
7054.0 21947.0
1778.0 22166.0
11143.0 7419.0
20513.0 23572.0
7842.0 3976.0
-2224.0 5579.0
-6708.0 -2392.0
-3473.0 7578.0
-5574.0 3607.0
-2210.0 29008.0
117.0 29900.0
15773.0 29967.0
22769.0 34399.0
24626.0 20403.0
20543.0 4262.0
15181.0 19444.0
5859.0 14825.0
25056.0 16440.0
17206.0 4295.0
20541.0 19976.0
21665.0 29719.0
25984.0 -2058.0
20594.0 -5307.0
26126.0 8308.0
13710.0 9075.0
13639.0 8980.0
4154.0 -2821.0
26758.0 -2314.0
13174.0 1806.0
10965.0 14189.0
4292.0 23251.0
2608.0 10621.0
16028.0 -2447.0
9839.0 4582.0
13340.0 9525.0
17112.0 27323.0
30543.0 6810.0
11284.0 1518.0
23127.0 12125.0
30811.0 -6128.0
12401.0 12068.0
3779.0 1388.0
5030.0 6772.0
8689.0 3878.0
9531.0 5808.0
-1729.0 11159.0
17246.0 -3514.0
10730.0 4500.0
-9511.0 9589.0
-16069.0 -10126.0
-1812.0 35658.0
15637.0 30961.0
4519.0 21185.0
3482.0 -11871.0
11091.0 -4231.0
1742.0 35407.0
11847.0 30899.0
14656.0 25979.0
-14808.0 3281.0
-251.0 20309.0
11919.0 21373.0
8872.0 4246.0
20705.0 34914.0
4248.0 29389.0
16843.0 4110.0
-1258.0 17293.0
20657.0 8392.0
2560.0 26376.0
20138.0 5289.0
6780.0 31678.0
13057.0 2169.0
9634.0 21353.0
10386.0 16200.0
-344.0 7757.0
-7230.0 -7873.0
2608.0 36003.0
30366.0 14394.0
3949.0 1767.0
8962.0 29397.0



0.0	44.145463734792045	6.834720097724728	12.321135513677355	10.376696163976627	14.444680031514782	23.545058884183977	9.37922462873118	8.073577271888109	14.475749776257459	18.88833151310577	13.863559443717701	5.810956318492446	10.423167747317526	34.22480107546265	77.94415551733398	10.573387268405599	0.2944211202657008	11.80737011777914	8.519233474408507	8.4454481253286	18.17640362020903	6.443465780651825	20.51070357984224	5.160247474829	0.9686799505949978	11.193206302294774	6.0213045785177695	5.1124920698644996	7.546974062623533	15.366543224770181	4.251940287428864	3.4826460562396724	4.0112761508444565	19.92671896374045	14.777116925801963	23.83203361105338	11.404666148810078	1.0635642489727166	12.56750933473564	15.254114861703084	13.470320239266577	8.734298026279333	14.55624796810802	10.30337620584562	6.135679229549517	4.088857746973121	3.0321295890862805	5.529424751619802	21.995894280385034	5.836939410707415	9.310947838807913	2.587244244151792	9.155745992005242	7.455396205109657	10.272866270538909	13.560243220348443	11.786706800837646	9.37085405811054	9.520007190763575	11.315650292083232	6.213251253613005	0.41866346129401794	5.549887326048628	2.562213257132749	4.302469498540895	0.21823127733638992	4.431631882472263	5.124183491256583	2.511755380012973	2.538766504819755	5.460553671844235	1.942968156682934	1.9764222380950578	3.183901472025072	3.4729978620712876	1.8369845699610223	3.3255746082120785	9.721926680703476	6.180737169169431	1.416235099760878	1.0010492615017006	0.8832611580807251	4.862139890713775	1.917043172002937	0.8193536241050478	1.3444930898588694	2.3186710392218424	1.4274047677264652	5.638025329520118	4.3785582564662295	1.2469344683312384	1.5160271585822926	4.3284928853414035	1.8754365938036324	0.8835270868941892	4.4982734965815565	2.985567562457751	4.805060831101226	12.386320924567283	1.8730123846268887	1.9586078462142182	3.909594673910421	4.89896179234378	45.387148339141994	24.4328128692662	3.2282575497903507	21.158061193178547	2.7259118603927557	1.3304467719719943	4.6763378166078695	4.524436574648449	0.10815079688585832	27.116911709799044	5.081661876038267	10.748297210277213	0.8696358276056664	7.941936644740964	0.49629308213873147	22.272177153314683	8.536035333256057	4.754587557155293	5.695272204645434	14.708008748317564	3.31950694473984	2.19792110469461	3.942918420308724
44.145463734792045	0.0	13.524289378961484	6.4914016270661445	20.687697998358633	14.367984420727971	24.31714505613585	7.461752695012321	19.049073689454055	8.208573998861578	12.56012081193358	10.749572964790103	37.20061814746596	27.007227668050493	0.45630108617528353	22.516100828676414	13.213571988498858	10.561567383801231	7.003185723306505	18.069082556755923	9.42224329878279	1.5937517870007787	17.991481111953764	14.023961626542437	4.885146309290152	10.445417648489093	11.853537712473692	6.158818089830889	8.411164804671667	11.147272995768953	5.680205909504563	5.102782021981006	4.587906200919452	17.57975753871002	9.793042863410236	29.790740678230048	31.590160827405047	6.630408859256244	13.99153961856598	7.515967464954865	13.889774444750369	2.950885018345889	18.93165207556794	2.4139350843442124	8.303578440837914	0.9944846123457449	5.99391075710702	7.539436446488135	3.168538404420441	9.341802510673341	56.38973086479915	12.61187689814183	9.210704196024475	16.099646688753804	11.267295980152321	14.870241240858638	25.6975679244901	0.8967304405761443	0.4548056813939189	5.193984261469917	7.876077690034369	8.085931304818876	3.167330399085782	6.313574565751467	2.6289463565610096	9.06940624129512	8.990755358385796	5.192582077762513	3.8095705294693936	7.69590974962161	8.239715884899356	13.068282843458057	6.831559075632009	6.953596475562063	6.028016176482975	9.76636789142982	9.69075305050199	4.449983061424131	2.2450046429549015	5.850465743710215	6.2726350223733185	3.470084135049539	3.111383323383416	3.214859844710642	4.699994409144709	3.5916233841364127	3.498329354432289	5.602997588967365	3.348804955943758	10.079576738781284	7.511786236028139	4.034890113051542	5.673515391176796	4.4512725490992855	9.106962508248014	3.5455303992111786	3.553707702318851	3.4774617283719693	1.022441359921399	7.20684209578836	0.7259554688419797	3.583538599806361	16.325676458252897	1.0029296137874926	10.084095781377563	9.743191348995774	3.185122020088782	4.572192455476269	1.9388091765913653	3.980696976220775	3.6656070419566333	0.7819519405711118	7.758827915004487	8.136587406996558	28.65004812029201	1.1093435757472172	6.4888515883208635	2.507912985674531	3.139723205337411	11.208497047194104	16.570187642386006	5.3175942944570185	8.064471108665174	4.3787552895315285	6.427272869572356	4.122754639287956	1.4496831244381714
6.834720097724728	13.524289378961484	0.0	11.657261051598619	12.10448412247988	3.502494671668276	5.271266911983685	6.009122473178201	15.269916788253383	24.182836181636244	19.49845315038856	7.67490695945305	12.78536952801181	8.618731978397749	18.307975375324784	12.200433460895766	13.506380388957501	4.782452941066582	7.330787915092865	4.713250148296583	2.617922592027653	14.46685769007016	10.157142493807017	12.684709565611888	1.9030243195088423	3.0031656682149612	8.99738845861259	5.5466284211292285	5.692123826048787	5.054840628499109	9.441349126965283	1.3302414219765206	2.840633043392924	5.30141786145122	8.523010365389014	9.480519171302364	11.701233515263556	4.613878712056596	3.3377007047453313	6.8827173320115485	3.1390015685053556	7.694697581552877	7.596410702744571	8.256047743703617	4.543743379887372	4.7460822963906155	3.747732059347009	3.852808696813039	3.9302057811714293	13.513754526788848	5.746152618645431	4.598867528711954	4.2203834800891205	8.08979894863272	10.474752499971855	10.647850880791314	11.05659103257389	22.121921603077027	15.042472736856135	14.31376251314866	17.782564430981562	5.4278179288011765	1.0787503699744134	5.84555985254378	3.1225566535567144	1.6190476415144117	5.569822316351529	1.8730847640385089	3.36034910752722	4.267073130020625	5.786407306378705	4.700182941009172	3.8392861013973327	3.692050259705366	5.314954509370777	4.78034375248144	5.742141753460925	2.645355073039784	6.407469937211919	5.7620247830309355	3.249449565217444	2.020758986910526	1.2159091056931923	2.693214413600377	1.9054828720486907	2.486441825906522	0.445939064555972	3.382747452669408	1.9033500873806193	26.22725459840054	15.241339229936376	3.228608550826586	2.3179403507151606	4.3502957003735885	3.1173541709835275	2.3634667119089445	4.15510709003548	3.2844434028727103	5.078343050134225	19.044432030600515	1.524401381965086	2.762930701165367	5.306612289443337	5.258360565948421	16.65992650986292	11.275860359103252	3.488664640072516	16.36329078047113	2.0792512636543403	3.29647201694338	2.894114538670497	3.4520954372664683	3.9942240598364673	24.915971457322545	5.249294616309909	23.926526518170842	1.918858241161648	5.365464045121536	1.7618477112807038	16.502794281103526	4.954259751789553	4.456617573155726	5.71544021996022	12.025831390576698	2.566751444276766	3.313173402070482	2.425188001687414
12.321135513677355	6.4914016270661445	11.657261051598619	0.0	4.756073747138401	38.923143155804226	8.50709043779942	24.337359409356925	42.012006801710754	2.3839729548968323	30.30997671715798	3.655024678718915	9.064083913803456	14.313812799194638	24.624536216713366	4.070910619041907	44.57268584819362	19.491810806787935	48.785341468638435	61.239083632512184	38.37815119870383	86.55624086648507	152.59203975311638	106.43646888375397	3.7226258972307398	5.822977366850231	8.69762551821889	3.871277507008035	5.876760842597463	3.4007440087005034	6.131396002223308	4.259384439974063	1.2109296336433448	8.32269314769501	2.8150183268918902	8.934633559162831	8.912135268538592	6.716397584133357	6.755298939258591	2.1873114595978556	6.778036694204538	4.716543485027809	8.122111588584488	4.301255657889616	4.660317142538057	1.7627267513889462	0.7460598980789669	1.8312152487012132	1.2782932224822663	3.1039509702939703	4.528267090152323	5.679895098089494	2.6867278084082264	3.721141134825188	5.1693812407070485	3.774182147559636	5.478401758994929	5.522936643127359	5.8381361307256405	8.597424511554063	11.372637470560825	8.816962849139031	2.4467159334237256	3.9576785809337256	0.2755934576414505	4.925135929651165	12.31207369445097	7.202735785564957	5.865177128841145	8.781763855029602	9.445033892437877	43.870447075850024	7.85410534639547	8.175571374578803	5.717918739928768	12.230671230772925	13.744244768450963	2.6674404092151707	4.495662703569072	3.1797825182312254	5.479374104095848	2.1320337269390026	1.7982174261223884	4.446017667057563	4.530928838365393	2.590796348348028	3.0641708847622864	5.432626555227603	1.4397913994962812	8.079713535055635	3.9377244670801663	2.0525259865713172	1.8921412045152473	1.4027714132842637	4.363963511419106	2.448897787401158	2.423203937413485	2.687188153985037	2.7340282749766986	7.870516492515653	0.4823124989943142	2.8140199602815743	5.388338824908111	3.1248765238136795	19.917694572286994	28.29190603196706	2.111374624004819	25.076774503524064	1.7372810087415527	2.7557365177170823	3.123268837569081	1.7844781216631753	4.122167354381745	7.878904241821333	9.213159160196845	5.7609010778207335	5.7981474716200125	3.1748832515190086	2.2290016159294233	5.069061566206229	2.0102948833595087	2.540380645249993	4.846688987316844	5.915353424316073	5.28137412832671	2.8805815574607814	1.7777000857323502
10.376696163976627	20.687697998358633	12.10448412247988	4.756073747138401	0.0	10.925463118752099	11.954112182608224	8.173177377364981	11.577542379447062	12.623797897336651	14.456749232469297	3.340952299948502	13.167626111881722	6.432394854270849	10.364599595074804	5.792523217605628	1.532052131240215	4.899379550190246	8.311422196256059	9.863759580571433	7.495669417700748	7.677883900911964	9.484854066584086	14.015459557067308	5.122170322726567	4.0624708330538795	0.9282559568025007	1.0790471697079373	1.9586629537230775	3.3298623424987444	4.2434128107518845	5.01854091418805	2.3400557467122423	5.612959781568671	7.981700008198358	3.4927856184739965	2.430035195474865	8.737538521271647	5.496638334434914	4.9021758136892615	9.691272354174128	6.619003486960597	3.418012258209466	12.09612856733455	14.738062395383547	7.8436184412551935	7.445057126130328	3.4403291762217	9.053546674917406	29.08734827017236	13.773176933646976	55.268001416091856	4.219377048241335	1.649149942205369	5.520410071003308	10.731302299116892	5.374455083743678	11.241241022735869	7.208761637806385	10.14752903514677	13.5385512269165	9.764623756113421	1.9474287651269613	9.841878117316465	2.793414374096902	14.804866230132054	4.695513281948994	5.3593720624793955	5.281444813182936	4.683235706179965	4.382792909390369	8.379479336434168	3.6819046421784156	3.63489054934944	1.3838111484296975	5.52470746813909	3.536810593190014	3.04393778620225	4.968174966252663	1.7421615349016322	2.7207087127055227	1.2309893909520928	1.7578856421662021	4.593899695256757	3.786317538705727	1.4456227295683457	2.97503436783353	3.831866188342664	2.8982244230299137	1.9257580840422583	2.3114425212775487	1.6559042630000949	2.2472721429286797	2.1386499544116617	4.216881884295739	1.4288900566678964	1.523092997058032	1.6342137022412215	4.799464567173385	18.00765698622225	1.4061109220992325	1.335501428040844	6.007133387505817	4.4810848100714855	14.95658064068256	11.634981495122888	1.6194685716530912	6.346703364548757	2.8129064797821832	1.401175039199943	7.1664122815234395	5.49539035436094	6.006911605745419	6.594863696000893	23.900700834292767	7.94654510580865	3.5964294501892087	12.651489880445148	1.3750800230754925	14.322519229343378	38.95222083062053	0.7246468111652506	2.538069986306594	45.995451155898174	7.204891052308259	0.6756883495065367	4.170837698159107
14.444680031514782	14.367984420727971	3.502494671668276	38.923143155804226	10.925463118752099	0.0	8.605872956650977	5.786512200898397	30.773435744209205	10.952949004442601	19.96948112852399	15.462452147925076	13.469681053969703	17.295837258900452	87.01594365436401	18.87631515943843	37.39206623232358	11.033552250637083	11.985420602514274	23.265272175871065	3.9969913811603544	38.68440451263309	40.38462480345545	44.037054207585314	1.6160982953573348	5.591129911078166	15.240610775952726	7.331939475885229	8.002465686221859	8.540692436553472	15.638211947568802	0.7520052814740671	3.893077978497	8.748800908698321	10.505403425862363	14.70656297061414	17.52483059007967	4.899821147724088	5.930548094514364	8.698893514535317	3.0583714898420413	9.495094072430323	11.767296803069172	8.500603015724312	3.7513234887575937	4.045830806124936	3.4626265861481658	4.079273582025928	3.238841746502827	11.24571903692327	7.277047306903357	2.051827248325289	4.519646168188751	8.709553711088267	9.024642131091824	9.713889307615611	11.737341939171937	10.688260435412452	9.595914030355981	6.460191675136021	7.667910423612707	1.9429331447594926	1.635176118395866	2.3579520796580042	2.5843656696696606	1.1941656663676794	8.494145926808214	0.7057168943345741	2.826571064621081	5.829239262109914	7.404391092558046	12.284762822469759	6.322430155231172	6.491777203063373	7.178739959126474	7.716995253799338	11.19674608340833	3.82171138841216	9.303372751736914	9.260545035739334	4.8693053101088575	2.7804090783334403	1.7995017373748865	2.411973669028688	2.3379761433160193	2.9573523710146734	0.9933225959981816	3.9473526663766862	1.7970050063519198	13.906335520901543	8.77395167150483	3.075767039188659	2.925955818616925	4.348245931099502	4.27788240481253	2.9737339098925277	4.888847934397016	3.7238173857677577	3.918803192241874	6.842050492962371	1.5563169617471904	3.3630761633785897	6.728952546489632	4.109863402928696	37.425779855055495	86.48393845782678	3.60445362925881	91.76618666487069	1.7567468061353482	3.779565065607625	2.244895668430358	2.875197428765748	3.79211922861219	60.529116258063475	6.47333567948969	11.567114426141186	3.575797764583578	4.33846257195029	2.310498859549312	11.845742288381297	4.504735882427572	6.013466252580879	7.05990711154841	8.64974315062862	2.156238679376162	4.384706153265237	2.17575683553486
23.545058884183977	24.31714505613585	5.271266911983685	8.50709043779942	11.954112182608224	8.605872956650977	0.0	4.920211420016171	15.020087509788054	11.566532693658113	16.313168238326735	8.453313640335077	21.045156443079982	14.542017430302437	25.808648563337716	23.847220879894607	13.379723074711142	4.842407359657062	6.262446137168703	10.750236362758718	2.9805485486694776	13.039102447171125	13.012163361924186	16.802335872351016	2.0450751403032763	3.3326143657458664	10.386746292104219	5.564986624757962	6.03123512228393	4.8729310375329264	10.532896877310217	2.146653212710437	2.027954090943994	7.450256200327692	10.990596924999686	14.184197080214437	18.070370980480064	6.1789034768327324	4.725263459758454	7.764381462166883	4.568016098534119	8.858827597092715	10.022533298947504	9.624585874556109	5.814526760118138	4.099427258566011	2.347356813640078	3.0533967029399163	3.0755787290882823	16.569442915641776	6.567975053702604	5.660835650482021	3.6327154421908054	8.663259153678894	8.84764172680722	10.20191085386488	13.108032193237632	10.26784314318369	7.623342508402302	6.921995578649439	9.456969434262707	4.632052541115313	1.2206334542366086	2.274925100449407	1.6747793394085386	3.263635616057353	4.157315662974154	2.2966803531396325	3.424628115077915	4.46635177438564	5.141914039622409	7.264730111653139	2.0074691317700513	2.065087694171907	4.458242368830435	5.735569050926884	5.252357443799979	1.1774921742161022	5.718975017809298	4.857303390402445	3.312197881074586	1.573778949714576	0.7125211362008399	2.7582488942285743	2.4219024770012445	1.8325414631431294	1.1559315688712508	3.480122761560333	0.6018010043338604	8.78635436094311	5.462025516747345	2.0232508698934124	1.9695969791294585	3.6804332629524708	3.822755931487671	1.6283072529902867	3.944380835730879	3.1825019241099355	3.819788709642019	9.634170593817792	1.1235636690937445	2.611920003360636	6.422893130654714	3.7928561880011658	40.64869421741043	15.85893234245254	3.1927939635021456	16.53036580785081	1.2566638103101297	2.1037469533747513	3.2276280952319074	3.017948436977742	2.9055518818768515	32.03938313916435	9.92767546822432	8.616233401644672	2.4106644162065667	5.23827561414508	1.4308370598723008	21.47318793839918	3.26412156746893	4.155646866569378	6.108147018664843	11.408324390765772	3.2664666428299687	2.757563610405304	2.3512135101755116
9.37922462873118	7.461752695012321	6.009122473178201	24.337359409356925	8.173177377364981	5.786512200898397	4.920211420016171	0.0	30.975618370423053	5.857561849789594	9.21321848663462	9.53016124165109	9.685862002263349	12.611559845476233	16.799222148564215	9.841659251561438	34.82981539942979	20.985942438303343	7.805103097579977	17.238153710205946	6.603766198343042	26.491499236686707	45.1948901722068	17.104930342177443	0.3294020842128896	5.618512125934663	12.2538589335394	6.452878504138607	7.704160054808143	6.355915587859511	11.05744834090047	0.8850128655456513	3.3708516045807126	7.880341786423415	6.386601754611864	10.665517851103491	11.815846091665492	2.689550148120341	5.842728215779861	5.847213849963789	0.6831724737497342	6.596140273891698	9.490036083536065	5.54723081348849	1.9134044850293521	2.7436082368353016	2.652346080223273	3.4944128928738096	2.0109096265063395	6.223281517476193	5.579614595396105	0.981298440936798	4.035667322560108	6.609679729216877	7.724210558547183	7.2463951529699555	8.602075960379853	8.224203514268602	9.345126949731316	4.7521020650891455	6.757303515680138	3.6531392648069714	2.3139889885511695	1.3307192601578255	2.2011750480446253	2.1889236063076005	21.6369784444801	1.9859160710828658	2.6341435144167344	9.385554900425184	12.038561833911276	62.28830450033741	13.752986177195512	13.15468251251445	9.171117133358495	11.738038523748125	17.50894670103581	4.14715659150479	7.291299463037493	8.737103806288374	6.2184199958230675	3.229196739892575	2.18183036013652	1.4293698963226162	3.6414933310580193	3.8161310057178413	2.0339747900422083	5.401062774692514	1.9484246851764433	15.752578331489923	9.128264009481715	3.36110249463046	2.7474289401375875	3.515871008887561	4.316255131192359	3.8778402130088607	4.261049754723005	3.5918499570440043	3.2579130577883966	3.895439914933952	1.250655887080949	3.6733544687152104	5.998511172724257	3.621142133191526	8.150249662436579	4.96940587464519	3.2229390877686876	21.877019594218098	1.2550175490491777	4.949362551797746	1.5946788101451288	1.9561555102715324	4.412604448938566	16.77198206628033	6.2747938105712615	10.386417959281866	5.133907013103309	2.7165459046002023	2.955119442631255	4.6422313738566015	2.8949243230867436	5.281798544626744	6.3684537932515735	5.587385658146897	3.2572876539762863	4.899348309784749	1.3548938839796238
8.073577271888109	19.049073689454055	15.269916788253383	42.012006801710754	11.577542379447062	30.773435744209205	15.020087509788054	30.975618370423053	0.0	21.91272259363179	149.8222893244478	14.980559325406576	10.510414738354362	9.018457703534223	46.99577072087827	18.960599212000115	26.737488855766742	7.634442807636072	33.6977859352143	5.339487704345322	17.730745270039087	46.0112279019371	6.850384264111967	58.5165272988572	5.280591287781677	4.39139584005309	13.038168591525244	7.368642923249044	6.582875803027625	9.061387522744885	16.609698293989155	3.9529421036804235	5.23586448200427	4.769770419264764	12.921169606791729	10.947553602598282	14.48995224909309	8.977491371527714	3.1986981376652355	10.456328465672195	9.30631158648944	11.63762169455453	8.583835575850658	11.32931223338939	7.532169392917839	6.515220109798061	5.484380180461444	4.712603529142826	6.015786559410475	16.790414898006855	7.507695385725373	7.9074183944769905	4.518530044621532	9.087686141863069	9.28514288789711	11.006319015270783	11.735682651013777	19.389943758523252	19.33656022447624	19.42147549479326	18.82412920533581	9.81843150209439	0.8723973656410906	9.431695009890847	4.329801647014005	3.599787952915925	7.921286810081126	7.210211293642644	6.7209703189504	1.8311069888109592	4.075481747073781	5.748629832098452	9.189567336497655	8.865674508761517	6.579253139385194	2.1853714428737065	8.526681985121584	6.586603969853496	13.903590112185515	10.488230104723685	2.962698681591652	2.782741884326191	2.3665065526971754	6.023205065948833	0.6697001832531906	2.7392627646369796	1.5759027301320072	1.643106026078036	3.2568338797822802	19.666378157126832	13.030778560390111	3.3901128962766505	2.9940463854168025	5.363040308182562	2.2973986072510773	3.140327996519005	5.421896237793517	3.5442233548524045	6.315386104192211	17.133057743950744	2.647967527980646	2.7475367204155847	4.627835939262628	7.124321257478344	38.8029779636791	41.37085947196028	3.8627995525314427	49.751822046153826	4.612259072407054	4.252977728609399	4.168129579618938	4.884333754892836	3.1381893372994636	54.33881574484049	5.50305414502758	27.53244672190053	2.0637863581507365	7.454478600542672	1.9757968662358145	23.698657539370387	8.336436076359279	6.436922328255217	6.226365617019655	13.68229191576005	2.5616958525567672	4.314952256473994	3.9791739914265847
14.475749776257459	8.208573998861578	24.182836181636244	2.3839729548968323	12.623797897336651	10.952949004442601	11.566532693658113	5.857561849789594	21.91272259363179	0.0	17.180098260302543	3.834814070758227	30.856725722196888	11.530806479999988	7.719750497712676	6.483387429819494	10.104499598562349	7.232912732645479	4.951218937344342	12.613995002772814	5.618240693346694	4.446808316407628	16.123985252542422	14.810939940811304	2.1421388906208585	4.60575164052994	6.8416123477254605	3.9345894105661614	5.2928985364120535	3.542607099553762	4.417955265697169	2.775360547463917	1.4727392794067387	7.664038400314809	3.612238394823455	10.025152125123896	10.554350867553815	4.192222880934643	5.977883515221248	3.0535514652842113	4.181801224806214	4.13776308112498	8.139901807002875	4.810143361545235	4.4555953888724	1.8918665339450234	1.7482970926615098	3.359383363425531	0.7111674202442476	6.2420958892247995	8.43712395766858	9.532603463251432	4.639394997187625	6.768204033831461	9.940978558310523	8.935365580191762	10.182874633266024	9.469220148599428	5.36829135310266	7.8585784994561925	13.253779019347576	9.513982981208638	2.112180539640881	5.569518924972031	1.0095613235113472	7.457356196938138	7.442734486571501	3.7316048690073322	3.479477993711914	6.3597228776818735	7.159265162048628	10.950025899132507	4.3782077487208335	4.279482596865108	4.553214081419399	7.360371724897348	6.52670766363607	1.623004202190444	1.4750821890768617	2.9166528958464135	4.216054505077309	2.000121925250678	1.5422953797647097	2.3777912557399183	3.8781649189034546	2.617241713205423	2.5171119619095457	4.814917040203974	1.8924105975598486	13.146431102154185	8.142812225752051	3.0331681883421897	2.4888783340472265	2.5755705252110115	4.732169209431549	2.3466398095690937	2.6872018013529773	2.8353617863395355	2.9166890494613704	15.89102177670576	0.24860698300866596	2.7181759335985882	7.136022426289112	2.810711861827419	11.619903624531819	7.89843580715837	2.6784356351600445	4.79828956448355	0.854348719852658	2.84419845690644	3.147979126448966	1.7151622042281303	6.771178203632138	9.16007965854267	36.84085463862506	5.364034429533439	3.9642477119560375	3.3870900466056733	2.100987082794526	7.817934563648449	3.004416893980392	2.8418226609482917	5.230819740334582	9.432687145989583	6.178361502734866	2.6961461762447327	1.3530661368248775
18.88833151310577	12.56012081193358	19.49845315038856	30.30997671715798	14.456749232469297	19.96948112852399	16.313168238326735	9.21321848663462	149.8222893244478	17.180098260302543	0.0	14.869924968340026	20.983547400874375	18.292400608711947	29.543116301970628	18.0971454424641	32.52357306568702	15.80886576299575	10.672618793641401	21.310839084385282	10.695207199561827	24.826272265279258	45.01944622104919	7.60884564632934	2.19621402356868	7.849490355238179	15.247394485175858	8.016187656440684	9.10351363366005	10.057118078223303	13.787674704993627	1.401473986361291	5.07980760459466	10.70707885218356	10.347141537247502	16.056294721948515	18.010852709129548	2.1551099485786156	8.157385234710912	8.961866790242295	4.394928131185929	8.476344091333086	13.166644869867486	7.776545998744847	1.954844739311973	4.170272258103787	5.09281371909588	5.833290736096835	3.7723745509073368	12.460821015400914	10.994921333976441	1.9041996831946653	6.567756062029074	10.544898978694295	11.611479864236907	12.220196487794608	13.79862217998413	12.83073023489057	11.2002204426597	4.802844633122102	4.013596281760381	4.399648409846883	2.7441728309381066	5.477636517310994	3.8081816599592937	3.3561110394376885	15.971153277871013	3.0928177550021445	0.5259235875873224	8.518068874382042	10.972090485585332	19.98141417500307	11.473404178486668	11.176995524350001	9.18551939450806	10.193162671787661	14.810597745051293	5.743900684051973	8.326331199907122	10.301959656514128	6.66042013917886	4.011463777243566	3.0540802963314952	1.2711299818314514	3.659379913555671	4.570288910765677	2.5125722052258337	5.416156713884454	3.5165577816846416	26.36335149497707	15.795981036677802	4.925992522022075	4.240111272466497	5.344343527151699	5.750397358582322	4.649675584168717	5.327040339742228	4.175725119739243	3.758153933018353	4.755135431978166	1.7431793927046575	4.131251001522561	8.761194134261101	3.832765627663541	16.00516615667576	14.244126081442099	4.110265546931882	35.71558498920624	2.366058451882814	5.9126425063514265	0.9835139976794165	2.6575581868080547	7.108805478900695	56.41554139575828	13.982642518185944	16.100902250308273	5.746113674189174	3.6187343639610163	3.546845078690879	16.10006271734815	7.016137994364156	6.899272458483848	7.921638229603043	7.664953384810157	3.6591527198207356	5.637152638810582	1.7545278265251878
13.863559443717701	10.749572964790103	7.67490695945305	3.655024678718915	3.340952299948502	15.462452147925076	8.453313640335077	9.53016124165109	14.980559325406576	3.834814070758227	14.869924968340026	0.0	6.8190232998453855	42.91253882632664	18.60982275343248	6.022100179604884	11.42923922759727	9.558749195600898	11.342575567801877	25.9226636967511	12.978718775453865	12.049007068073644	17.203174147444	21.275084879338735	6.503948482488568	8.787807765098822	15.352764747359542	4.190915971534819	6.367585821790813	4.776430004821921	17.83053557659272	6.253655970507992	1.2371947689708327	13.049454234440462	6.263980332817953	13.112607170448742	12.931170046618677	14.121465467024	10.41937218241925	4.316024762851849	20.823100048151787	9.218249432329287	12.240576218243044	6.993777215791429	7.170028115001221	2.720404427095124	0.9615081394962534	1.1103411247640051	2.340004606214263	5.090549690286192	4.156925594524968	6.431389610604532	2.00620559822267	3.1446558416120323	4.149045690787278	2.9226123770319683	5.105175978218518	5.331827143771527	5.096752330068322	6.835937276161626	8.914173000405809	6.554582492178454	2.126193053111339	3.7894758967494884	0.5088652467044911	4.830184072245958	5.872115692909334	5.803851354312134	5.673074650053112	6.345920942387506	6.125494930906922	13.661156532319641	4.03552907888077	4.338958558652513	3.868735469141167	9.83729973902427	7.8544408178526215	2.949450146906554	8.472756997965254	1.323118075788851	4.697805160441924	1.5823512453730526	1.6302322475294977	5.4144813860952565	3.7624198033892604	1.720256227798499	2.6386116914517896	4.370476729110597	1.1921536264668644	3.61247089498569	1.5140315505889201	1.2636324370519691	1.6115805186726824	1.122926689782865	4.820275065890395	1.571215312137522	2.606381293263067	2.6288056713785464	2.9294551130301207	7.425281944734835	0.94239149501077	2.4441952346634914	5.65174895057471	3.200116217597086	18.822206111178588	16.5038959126797	2.0246432494923727	9.245294883461753	2.0364617664998503	1.5621197145782884	3.8656368457047745	2.5061017016656004	3.0707684775319315	5.837837312274807	7.957892853143374	5.059750009099055	5.523400628976674	4.439992277457969	1.6469173631508864	6.390316425149619	3.012166007347295	2.163571416369231	5.242746067758611	7.174129125950725	4.511194018135044	2.039299307276501	2.7264487823206562
5.810956318492446	37.20061814746596	12.78536952801181	9.064083913803456	13.167626111881722	13.469681053969703	21.045156443079982	9.685862002263349	10.510414738354362	30.856725722196888	20.983547400874375	6.8190232998453855	0.0	3.46456384877008	21.147418031051433	17.494102645695243	5.380560453226298	2.0272635948034043	10.810546846984426	8.500354740627193	7.970410650330316	13.836946896760242	7.41027413590011	18.788502700864672	4.8047984399266115	1.2885464690697617	5.91569577361675	4.064646829658304	3.129341922367909	4.16634280105361	9.349418265953519	4.2974618053186076	2.6643392153446364	2.1670512486526525	13.169554182242756	6.0493326689977724	10.57388174409576	9.341307111611641	1.8372612158502497	8.618479565837228	10.260810484470783	9.930333983321045	3.9834420047162853	13.299263529129377	11.109827710433647	6.904809366836966	4.817327793599954	2.5684261397648913	6.609124232514213	54.38096336143902	5.939487139314025	17.39112034127173	1.6711461533442769	7.860302329116416	7.831928973852515	12.028755378830935	12.5695117134821	15.880202717940154	10.494840643987278	12.120584632215328	15.224758057376361	9.01294462336504	0.8573007190077916	8.826239718715291	2.8758391957471496	7.479691517725662	1.874878795689908	5.000944566302802	5.380238427431207	2.9299443868721418	2.5365408679648143	6.7721627561082185	2.2927128957827945	2.2462128127283827	1.8793894320593867	3.6619826564121913	0.2764468685373731	2.995665626964889	7.437505853393746	3.994779457640985	1.0276635056322272	0.4761297033044549	0.9916726065335815	4.758730606340529	2.5394050916789026	0.16330719708401487	1.9557491368988453	2.6068044664689722	1.878581503936778	4.381579197161781	4.036513254740499	0.7298185101534344	0.9446841641446915	3.9844648867887025	1.5579604583451712	0.42540618971191607	3.4864597212210073	2.4337602123896933	5.399013524433684	20.54529437008624	1.7479929056260153	1.4358222049159577	2.302495656570057	5.34115704326573	29.112154570464682	18.532130211563892	2.8279827906221406	14.27051230866377	2.915974269031767	0.7057057553140461	5.486327263567337	5.03542653677145	1.587170662460739	20.505737081065387	40.155289009469314	12.546567252140893	1.732198576764569	9.39851388019498	0.07458691939020581	46.619510769785634	13.058785996739516	3.127680904865193	4.117289998285283	21.869362946742097	4.944374746599855	1.2718918466436513	3.9989142137408
10.423167747317526	27.007227668050493	8.618731978397749	14.313812799194638	6.432394854270849	17.295837258900452	14.542017430302437	12.611559845476233	9.018457703534223	11.530806479999988	18.292400608711947	42.91253882632664	3.46456384877008	0.0	31.265176325435768	32.41007295579917	8.4323520450504	4.704201111498268	15.776403409676556	15.184900475063193	14.49437220037532	20.96423545015042	8.340439944398124	22.50449134520683	10.568434708807546	6.753650653619938	18.438395080200078	7.157932637520544	4.353787613495417	25.925330501140024	32.70360181715121	8.244613526032195	6.5407473270228635	2.21077110694638	25.457498126258002	14.707086564146136	26.696300199759477	23.72837624575872	5.921372053270283	19.227365091738047	71.75404081650844	21.832067484799694	8.340864996864667	16.349515799439498	13.02571466303393	6.679232292396741	4.852811291881464	3.273177454435225	6.372126187064386	15.14620918174116	6.8964155001264436	9.80377930290101	2.3684197020713107	7.282796081114839	4.8350723159552516	7.421726663944115	9.335659406157879	10.460779221734747	9.407753279033141	10.228383839506995	11.596675490152196	7.625430811070697	1.2619888933228147	6.607974321807436	2.9788653109287107	5.575281425009368	3.1995273878107016	7.049443582198663	7.189209457746972	2.9570102638185123	1.8466668958732924	9.126622534565199	4.574040118366458	4.81999945102687	2.09455858950014	4.480524545610202	2.6858273578353686	6.424395156904465	16.36597077289981	9.793392927202087	0.8090344124548502	1.4707597161271442	2.2011556306431865	7.684448090101521	2.751188359488094	0.7386330963708725	2.5125268281098903	2.3370077017551236	2.302982869279522	3.4759455595131477	3.8267008781826215	1.2185695298794408	2.237745654201585	4.303646964685461	1.1487437509408627	1.3027144653415743	5.072389827848648	2.6389817419063597	5.022898399127596	11.683588776444239	2.5895928828918167	1.2359874525128438	0.6750450037387635	5.352954959765032	30.016254823950998	23.96244708689807	2.902792671716894	21.233107169496968	3.9178452995734907	1.4977440427516637	5.690083364387974	5.1734765960476725	1.8731442826272455	17.988694277320498	7.344534603600295	10.437001754780885	3.372574411517065	8.698346832018197	0.7255912971163063	15.220596288619562	9.078605947047604	6.367723004438135	5.028444132358935	13.156060432938567	4.287580254716742	2.010363466542631	5.308366256056748
34.22480107546265	0.45630108617528353	18.307975375324784	24.624536216713366	10.364599595074804	87.01594365436401	25.808648563337716	16.799222148564215	46.99577072087827	7.719750497712676	29.543116301970628	18.60982275343248	21.147418031051433	31.265176325435768	0.0	14.313725868437247	41.692108308890546	22.007285168226094	19.46513715018041	87.53195598731652	27.36999098463921	4.987006005026824	61.001208190041915	55.0757802210643	5.152561284853852	11.660232016507901	15.9532483043999	6.360850573483521	9.200196218650431	12.02630240496943	8.730004097041824	5.448893347137048	4.839209366835763	15.365370973686025	4.786014718954126	19.028549472415	18.556152575877597	6.333014848430339	12.664209740203686	5.1138178695532055	12.142318960088994	2.760294004875509	15.75328475156243	1.5481642203860904	4.578569030672989	0.6515468751323742	3.886320891414767	4.964820942550894	2.0384535077385575	3.6332236051116555	12.3497117532042	7.580071428137343	6.0279056616752795	7.905084931640937	8.194299715251658	7.820702896159631	10.340808974628404	1.1813610170292907	0.6264763834418771	6.70047926717564	9.589442258047022	10.122199965253138	3.6511523417025358	6.2695319235837506	2.3538363310910584	7.04756355992802	15.408602140076075	7.7526371371127105	4.996966109313693	10.663504562549575	11.683752124920396	31.123176212868906	11.753725914630275	12.203578460131393	8.318132459063916	14.604038809071236	18.156097688345536	6.377463682101401	3.540271728742116	8.95494479256807	8.02493803342989	4.084857779706992	3.597824591029523	4.03992889535482	5.601182523025213	4.297730750972268	4.153273330702374	6.696910238415146	3.30139901312203	13.711752863939267	8.901054628067376	4.051207193433432	4.365581885632833	3.240785345432865	7.3215605566451725	4.395888339507605	3.4391052375298448	3.425423620511586	1.0334571703198676	6.8602705266655155	0.7600768500615545	3.94257873009643	9.897211875939297	1.09597143143896	31.00476786241336	85.80883809898455	2.7853311003650707	31.086302522468483	2.3413452587470047	5.003853490996687	2.8444794896492276	0.5245295252682017	7.198691628649959	23.41659402524549	18.183995010303153	1.3183053995041498	8.567974028116979	1.5508955948184755	3.7044510911070976	10.723186518215298	6.66348108405438	5.57429217023019	7.162527107690559	2.660917265965885	6.611474865572673	5.041517947708455	1.1281640147706837
77.94415551733398	22.516100828676414	12.200433460895766	4.070910619041907	5.792523217605628	18.87631515943843	23.847220879894607	9.841659251561438	18.960599212000115	6.483387429819494	18.0971454424641	6.022100179604884	17.494102645695243	32.41007295579917	14.313725868437247	0.0	9.112865620932636	9.347520770312718	10.536781888411815	21.90562877665865	11.5950024884997	7.845145987391351	18.455170994598998	21.427294451387695	6.066842647379698	8.613279388044882	7.444217575514588	3.026201902675993	5.6555331800165485	7.408252957575831	3.214570539144631	6.028252252822773	2.583460923047296	14.420646842830461	5.632761214053476	22.155448549943664	22.26089168193229	11.569579583018415	11.72623987290881	1.626425390125007	22.39989883825287	6.109388942270415	13.605026534211422	7.318159939097135	9.96884183364817	2.7873976311919995	2.5959477965295505	2.8868694795105343	3.122803098833021	7.2211958493119015	13.47036209284319	10.648433543446737	4.016381318497099	4.438929282621328	5.218412071491541	3.497765621061025	7.321807051663106	5.158038622924065	4.500409017542575	7.8492759937037775	10.553034198809552	8.455977100902372	2.544578109211389	5.774322962780879	1.1534848900149022	7.383828218634059	7.246044497067438	5.973447836499687	5.361724609336272	6.751640040469743	6.734670530905801	13.733246011513385	5.289367995621353	5.447733195813518	3.873518173297343	9.115367649772873	7.679163041579277	3.564987489835875	4.586289086717321	2.1259013500623456	4.883649864568256	2.1549623454062474	2.241866940243124	4.787954412324282	4.305111783581253	2.3072294880309294	3.1802503056825335	4.840322338641566	2.1536753050135355	5.267217924545137	3.2497416992626476	2.139383967382434	2.9672906483906627	0.7117734462107694	6.332122818595672	2.23170577349358	1.7004650766013312	2.4350954536344953	2.757327694181126	9.92721880056229	0.8167733883665173	2.492412406040009	8.993646068272875	2.9392005309534546	25.951142905662586	18.339629652954063	1.8315262369818537	4.901033575151301	2.244934077111999	2.327535961811638	4.62299500911883	2.625870398836917	4.992748414006708	2.9137483138375315	17.33837848845154	4.728860725542789	5.648154295042219	5.305604675442045	2.129806998127626	12.006688642086255	7.357741388571613	1.903693754401619	5.144470672683921	9.049788334415599	5.876268773004928	2.289717344003386	2.847389934490058
