612.59 254.78
16.64 -136.18
905.87 320.87
188.05 377.65
-101.39 295.01
1077.86 198.23
239.1 337.24
772.89 682.71
890.19 645.03
530.27 -28.79
753.75 -585.08
18.75 1035.74
792.79 354.44
815.76 -34.27
-181.0 124.12
-82.85 422.39
-82.03 134.13
745.52 393.89
382.11 789.49
1086.68 -92.37
841.25 776.42
215.63 711.72
1178.05 132.09
866.52 83.6
356.08 129.86
324.05 -424.28
-267.78 245.95
-76.11 166.61
-120.95 812.76
493.84 192.97
-314.39 -212.58
566.66 609.77
531.57 -267.9
544.46 -155.05
15.8 979.26
-210.83 99.9
24.48 461.35
668.95 747.33
781.68 600.84
180.74 -204.24
670.76 621.91
-75.29 953.8
25.02 562.6
51.17 310.49
656.57 -255.36
245.29 444.99
534.76 611.32
-19.48 71.04
419.01 788.22
89.15 -216.39
616.25 133.06
705.45 7.0
476.05 220.65
-58.52 -68.46
-65.65 891.87
-316.85 1160.03
-391.31 1193.23
-122.42 1185.79
75.29 312.4
680.01 400.52
642.58 156.65
921.35 -106.27
303.04 240.12
225.49 -278.15
-14.95 889.08
1291.46 644.47
883.29 -98.47
388.49 -298.08
389.42 -145.3
600.94 84.09
681.53 48.82
1055.32 139.19
376.89 161.84
359.93 304.63
-59.51 775.73
878.4 438.9
213.47 475.56
682.81 -242.41
23.58 356.75
137.39 353.91
399.57 1126.87
65.7 493.18
615.17 -229.14
260.27 460.08
1214.02 -567.22
-230.07 -207.13
505.43 70.17
605.86 -237.18
87.9 -115.47
298.49 -239.37
196.28 459.31
137.22 -9.77
700.95 131.97
-207.67 409.67
732.72 -107.35
474.34 900.1
-523.49 702.33
-613.28 972.38
-327.02 134.63
443.36 -276.43
-162.32 1324.04
388.14 1120.8
323.22 963.82
-408.99 -260.52
472.19 308.91
578.04 821.08
-484.16 -46.39
73.1 760.51
84.69 383.49
-157.79 -95.43
645.93 763.57
351.34 -140.3
245.53 818.68
41.48 14.84
911.36 549.25
-130.35 214.59
823.29 352.39
405.78 321.77
-106.78 388.35
470.79 -164.31
685.54 868.98
272.59 311.87
-507.28 430.97
-139.17 613.7
1319.72 -632.8
257.56 -371.04
429.68 182.82
49.93 65.46
649.11 595.69
378.29 179.9



0.0	5.984606813724323	1.7721243453915885	1.7799814100613869	4.430258822349415	0.9229653911809929	1.293964449535106	2.288029295812668	0.8805164138820775	0.6859574657456565	5.164649596244656	2.5628539075974555	0.5031800463114885	0.8317803834253826	2.950436771525442	8.144698412364898	4.520652868971619	1.0265452208578125	2.580860473727143	2.924203579726968	2.285706543791558	2.009099988593755	1.747248121936637	1.0752595570372134	0.8057107768471412	3.025252522875235	4.366902569176114	3.1422122327954387	3.027226838872972	0.553052732440396	5.91487811612924	0.8855941499479156	1.9927114789395195	2.785718212757952	4.744654131484744	2.0092096889008677	2.0809422729687466	1.4993308642034793	5.900923774697333	1.9731014434763319	9.91517291862125	3.0157879445865317	3.2086297817124954	1.8016530186666933	5.23471050043253	2.2910886497377243	1.1456103216704292	1.889325735117581	1.4404047671847333	6.719022621241311	0.330304585365072	0.5013746702252707	0.3740265180931644	4.269038442656992	2.3959037359632473	2.5682272543105915	2.557864426962241	3.0561501863467835	2.0007739139812863	0.4207306086711653	0.6093136532649067	3.499375634699894	1.1423334291815233	2.3370983787877773	1.8772531608936915	2.0127549975898416	1.0818323394848466	1.9887986518305016	1.5054534354663376	0.70774005590505	3.3128149904090383	1.0120830857479155	0.5445236836302831	0.5106367612085101	1.6737873533647276	2.537602760096598	1.1352292818447234	1.4133811837084989	1.9803967099183326	2.8611821633874297	2.339826122809053	1.0785093420433092	2.563132782670742	0.9727401110499628	2.954489260431222	2.703083428884234	0.5583246800913899	1.5987586270376195	2.1157202088979115	1.831695069203157	0.8805571978305962	1.3488201652688703	0.5758656984335767	2.4389220795618205	1.2621587535190364	1.6467835202909715	4.864690561522259	4.424267472114157	1.8988768414481587	2.4567086146498025	2.2498442710209594	1.7097981443663905	1.8235059129848896	6.594466175222132	1.3016554926808566	1.7332230310668788	6.152729579178425	3.745941251695696	3.392341693449175	2.846068740411618	0.8671663890637044	3.903519029146427	1.7057657362792766	3.1423897740829827	2.2392662610003917	2.7140160935453945	1.919238916537646	1.2441213819247103	1.5929902520452408	1.1304560586571537	2.0380125858085845	0.9069637344357947	1.9242414932364833	4.105958818455032	3.5281307383183305	3.060531495690647	1.3068109377771868	6.613814803160123	2.058365204595914	3.012835353976216
5.984606813724323	0.0	7.182984436660767	4.154825667220579	1.6278336557243374	2.850458351708325	1.431346973117078	8.10276754191358	2.504914710322127	1.6232397081933863	3.0578209611546616	3.792577039705576	2.9328702762541767	2.5360995007615426	1.4201717805468668	2.967268077972578	2.5567947609997637	8.26089798701215	5.022199117455193	12.345305970883441	7.809986932712352	4.5291283931113115	5.318840840297841	3.8188661296293276	1.1504470083643445	1.2878896595041112	2.8015591414356993	1.152408468347568	3.695696407195155	2.6924239263283085	2.555820286528021	2.2947521791795764	3.0786295911984918	3.989314137414324	13.772357326688137	0.7993616767747705	3.159259958641751	4.654619467022254	10.022424075512715	0.8560887269032268	8.773718988035824	5.307143270815918	3.1331070017420197	2.2972982214337563	3.053258110340594	8.420597562884705	4.392288928941746	0.5620964555680349	3.598951397688382	2.7185944649882656	2.6332897617134927	1.590279785983616	2.2408235891895747	1.3520094370924767	3.787253286128318	3.0887561647275863	2.9932454437621834	4.838268191455583	1.8659949102151039	3.2493449312449396	2.4198980468176847	4.4563568632382395	1.5307356333003992	0.6489960204170775	2.553780822204722	3.8166772517616683	2.797556125156798	1.2439778025330037	0.9073810257646203	2.0531396045204624	7.500498612118677	3.165266600411596	1.2560392523396025	1.3479623228487818	2.1820577643012826	4.202673895095054	1.7891559613512178	2.195284097203929	2.1598679454244447	8.518338084077241	4.110828392775312	1.284929898858277	3.3783147493096783	1.5620512799917805	3.720133745322525	0.5605132466385442	1.719002633966146	1.4696065087351926	0.2590448033672696	0.9583805519949117	1.506791061104706	0.5753977745794597	4.931779462175374	1.8490006192147097	3.033215887166916	3.7889011418541245	3.087370840684548	3.8315220361750337	1.0868734568195544	2.553818058145263	2.729751499908001	3.2201784451317814	3.126450068825078	2.177549447090903	3.447530268455378	5.114883288007324	2.2270762581440704	6.574447775520601	1.8783217396864402	0.5992339212163363	2.0046660896685897	1.9233726087747314	2.5042959284992223	0.9903247653454872	4.889700630440245	1.7973646383125954	6.448980885237961	10.439389166532507	1.2175546071273238	1.6647594613476593	4.912068364250272	1.9308402827105615	1.4100189109508126	2.5065805855710583	4.38457839297741	1.866730999346236	2.544551613815623	1.1624185192785879	3.575236474074811	8.397258940063605
1.7721243453915885	7.182984436660767	0.0	3.272068315268001	3.917332863134429	0.5170323060913247	1.4374415177553685	7.927624838266023	0.5444480053112001	1.706524975212431	3.2964648555209637	2.581760795662505	0.4496636183639895	1.2410675019580275	2.9907441836133084	5.606596770011941	4.022208671158245	2.590483519819248	2.0932892259841074	3.2053439311343173	3.903874707136356	4.157113122013871	1.5704726126329844	0.6527091637680249	1.1582520498464461	2.286167805380669	3.823066184075968	5.849815075278518	2.8565207511923534	5.508289219334381	4.9134870185448944	0.8270588054250801	5.314622827222686	2.2571571880475334	5.8543581062492605	2.0828667091818187	4.6181040275350895	1.3638499921913587	2.905179616218405	4.184946411599383	2.8344645963999926	4.439720332284769	2.616220460642928	3.5965834248400297	2.9090347750307695	5.872040914592019	2.223394053383384	1.9180589188948272	1.8351790204392913	9.454644405631795	1.1512403337438146	0.6592255394837507	1.3066974287151885	4.998709036235189	3.8881877156637747	2.6283037860744267	2.6287628708405966	3.689979467859135	7.792227170140215	0.7697914191465797	0.9793470269351829	3.154130945455346	1.4219704790800902	2.048777224625393	2.0330959559456803	1.9929909477077465	1.544755358484479	1.7899414237094968	1.4960846035471878	0.9468605953847355	3.378580316431145	0.5509690362603261	1.1276654881429207	1.0229735054520666	1.9773553716260264	0.4585458951420753	1.424285397219807	3.257043908131711	2.434233084393543	6.353618979984015	2.082613882211928	1.3709757891076038	14.272138678958926	1.2034944456446586	4.632982992139181	2.414498179168296	1.0713022423230998	1.3374007917223127	2.1880770390950035	4.748906592064539	1.467493645871831	2.0087635193580677	1.585042323578791	2.441492034421376	1.2388727431691842	2.7490157497304	3.526620347449525	3.568554721581996	2.417153893370924	2.3976474658004183	2.166131678694382	2.2906887464776418	1.726477847107051	4.453225083139812	3.3578958672870107	1.8758088923406022	4.205573564307965	20.54232216111568	2.748999973621526	2.6438618964302023	0.7479737275533851	6.796140809199372	1.5681385787640645	31.859701124751624	1.825249278654994	2.9813126116725988	1.2459873251387563	3.539842707260271	1.7474587836521602	1.9065428147816623	4.387808198046087	2.347779195347264	2.065960261742006	2.9422378447768387	5.811799376443951	13.884695274070275	1.5938729148746644	6.099830892669233	1.130033996662102	5.1581645475950575
1.7799814100613869	4.154825667220579	3.272068315268001	0.0	0.7433907883438916	3.315328008003266	0.14481104518539326	3.505614261969082	1.946249604328429	2.2043185948283406	2.707419018889781	2.7875215263834625	2.352083727746424	3.179278452680151	1.9866520119814928	0.8558376457865497	2.223619051036743	3.5759250210764137	2.055486520056905	12.738684126122674	5.0225674894036	2.626100262591283	6.505733996772422	3.544005069579311	0.72353329220455	1.9157370071203603	2.3722065832250507	0.8812600195517014	2.1884566321787196	1.2935695563100535	4.542845464834352	1.0616334585541238	4.622767546890298	3.2729835496994935	12.340249645497394	1.1659900690447191	1.524064691266994	4.106636065125951	2.7325986289399435	4.546432029307873	2.21708432419636	7.611011471475821	0.8758858812613652	1.777161276562699	2.2924418595723597	0.8360017086990627	3.2357682870714832	0.8855066568117151	3.0810573383236575	3.775796925073657	3.924920938284448	1.8213751793326467	2.5321558992151325	5.653756955773858	3.44647298152719	2.5936100452608426	2.5826522828132576	5.84107495538111	0.43921505905631325	3.556391807491348	1.229633601879586	2.7166617093984424	0.48329183327092484	1.303993462256317	1.6819542051635192	2.4931275995775186	3.4606694689094875	1.877196915566381	1.0682908769749475	1.3084342925563708	2.7150507570763174	4.224812832739262	1.0536549736953353	0.5895781223965583	1.4512993603414526	1.8462900790852144	0.3067079016299575	2.419301802558298	0.923729592303659	0.5475899236988181	2.8801435124854344	0.39456290344300293	2.8178860151601115	0.26160461670910407	3.441068375750602	1.2683727579648243	1.81353898680466	1.4470739185388106	1.6856124904225391	1.6663245921339214	0.28870239774569106	1.975782038034264	6.746420069287273	1.245251814081014	3.6987929495856804	2.560274816951642	1.8980498922094569	2.7148253392030526	1.9215501095650613	3.9044415597555377	2.0648549352778556	2.611074332644285	1.8821027885758843	3.1452774949109754	0.9519437838981801	5.977900612250233	2.5851158236032696	2.1109714118438796	0.25448732809262525	1.7838296719798654	1.182666233042868	1.85915785681683	1.096808923842036	1.7898273888033451	2.2005609015279655	1.931476554845432	2.4608805938021177	2.6474432088932676	0.6774663521483753	4.271503127528001	2.635213652611193	0.6158136731612728	1.3817608552602552	0.9634804068227062	3.9610020532019545	3.3925544777166743	1.0481135125178291	1.1266277138163017	1.3208304523369117	1.4966792166702392
4.430258822349415	1.6278336557243374	3.917332863134429	0.7433907883438916	0.0	1.8196385125433003	1.0438696806632022	3.1528962474978726	1.5095630111289877	1.278928147188634	39.443102158031635	1.3974886605138581	1.72491225273471	1.7736866100028106	0.4517772447863451	1.4935072168820291	0.5202508935632446	2.7770420002658502	1.8841000780073411	3.6084190700542322	2.8719016177353405	1.2058404649735728	2.804088650972782	2.2804198307778596	1.0975631908820531	3.154757001259226	0.49881125998883485	0.7381638469492762	1.1555880709527941	2.019739233389929	1.6747300681041364	1.4500907963692085	2.2070173032596156	2.6509886035143624	1.9528849674959776	0.42443719435110144	0.48019470175948903	1.8181882347986351	5.24648059165127	1.2593411722427506	5.203459322275271	1.3825433950606107	0.9163089003324659	0.33298503146892977	14.676380365691584	1.1755369478334339	1.5650367228989712	0.5512103667587697	1.294606597025768	2.194838036214341	1.4157588027439871	1.2514872060208182	1.0898174736995476	1.0901285827558358	1.1297436418703992	1.358133892566698	1.3710815328606432	1.625456615960177	0.5542524075082155	1.4809547541104549	7.166367112121768	8.493734872711416	1.1533707903974333	2.8803892199963137	0.9562641048795715	3.8105800684585325	2.0069540070301306	1.9703728267431466	2.6465482388970907	2.45294765602515	4.312014477255004	1.9054946982727385	0.7945035968168159	0.6961622423577735	0.7244043609605002	14.83218568422301	0.6728622348920302	2.302692718355163	0.3044777741483231	0.7816224799518966	1.8220255931790597	0.37124803972001275	3.5935872467560395	0.7514063119075515	4.526539924297179	1.6969335804283532	1.2063694760125796	3.209549362231381	1.0495697275822324	2.00763007345774	0.49513672508831963	0.6858011838244464	2.0273447122358426	0.33234866009111125	2.032645482845252	1.6096160951022929	2.018494843961906	2.0074763312171644	0.4200174311511281	2.085694141370839	1.4269223000293947	1.4499726596942826	1.4044353047231324	2.21488229451397	4.447409582827649	1.7602789854802854	1.8197387462814223	1.654277646092505	2.5938981513292116	0.9598629754984801	1.228778363615551	4.115660432116698	1.2509702752324725	1.1052494783173896	5.830516044727652	0.20004714859182646	4.973467502251238	1.5628283087486892	0.16252395928428945	1.3401164971130066	2.5621496155963475	0.7264423649429481	0.5945934305173126	1.6826114524754185	5.138949903560463	2.344110093857243	2.188284554444314	2.4418733904624172	4.800346757177814	2.2066622650830583
0.9229653911809929	2.850458351708325	0.5170323060913247	3.315328008003266	1.8196385125433003	0.0	1.1803056075401452	1.5894574825931311	1.0195743685716296	4.340999154821484	1.2762548683835195	3.2906297586484525	1.593620676132596	2.5130885709117217	2.7149148211620684	2.095491955002686	2.6677501685223377	1.1126190797223259	1.9084808878958588	0.9465518339592984	2.147998876085532	4.595666204696206	0.6043118679094133	0.5480721109922607	1.093946039665542	1.400377263090975	2.9102566308746476	2.015790750279273	2.8649731413515074	1.4024177902750694	3.3050206830348463	1.0138959230997246	2.5778937798803443	1.367415977218383	4.101708801897984	2.023803039264382	5.0031814745246095	2.107024635467683	1.0578745598500343	5.0180054117986135	1.1914783912310334	7.233918687804386	2.0328515191602934	5.283484136733534	1.0408020465856758	2.6316014686573856	3.452528482120904	1.6483061386202997	4.227717636295656	2.645024117709014	3.115368520617444	0.9968500754117549	3.1865076218194583	3.207428996979155	11.054030331158856	3.5866077942358165	3.6427115748177687	7.232634096695333	2.4077461130874367	3.2424310474482296	0.6471238005402791	0.6318592774881941	1.2218504094808436	1.2583104460504828	2.8799270125981464	0.900557025756929	2.0002010744346053	1.3416849274419518	0.9651349750249814	0.7448347357743589	0.9187492241898223	0.29804732654904126	1.996109588984287	1.8868431127967287	3.2484520695968073	0.49303767510765784	1.7337436243902564	1.5468436580191987	2.713921615345836	2.8134373577481964	2.5561226601248324	1.9365244932680592	1.4321038340603496	1.3407471959666757	1.5259801654228025	1.6293844256067351	1.4283568684782968	0.8155274407173164	1.9295491501349928	1.8345515895929314	4.40299972954018	3.1898901936584982	1.5503844280361951	2.388394388748387	1.1132475467098775	5.181682654183341	2.4530822674956703	3.0157727284794626	4.072309596313832	1.8262268929167065	2.683415245846264	38.6778775890831	2.1776947233111517	2.83395912031673	1.1583326072942692	3.1007636375277134	2.7306345876326725	3.1728605339209577	1.5129679824887086	2.1999694038508384	1.0865523438553366	1.5699864456537158	1.635713217927878	2.708188681191795	0.7318015243214141	2.893350566536391	0.6288393402993339	2.0501012256258195	1.87320414456342	4.343983944144234	2.224498555847076	5.8503675364334295	2.4617779536444018	1.8604184460771043	1.7461655851611986	2.7559079276326774	1.1381600206586557	1.923107336686441	0.8888883190466491	1.6259145325153173
1.293964449535106	1.431346973117078	1.4374415177553685	0.14481104518539326	1.0438696806632022	1.1803056075401452	0.0	1.3039265166990401	1.3552208334120697	0.6857563268214001	3.505304607630624	1.7940302292178034	0.8168935491832788	1.0138000924356987	1.6490723783388792	0.9971081976123639	1.3282643111865144	1.089993935048347	1.8869607406050704	2.122786360529646	1.4267988568032135	0.678654454595888	1.6418692666698311	2.1465455750221487	1.4991710752633265	11.995993986552424	1.9769072081350894	0.7391744872261421	1.9848411779145214	0.5445087347175761	2.7752183344251615	1.7914510107970043	1.2496768742680318	2.2823135991664434	1.6664506449692016	1.9431849423738492	0.4520559230161557	1.381978295923885	1.6716281328910871	0.9655035151900678	1.5549264744773559	1.3025473674866812	1.7800821378353722	0.3551636924567298	2.4000108011328742	0.24555381886016084	0.7145199057360543	2.591725498423821	0.8957659371464407	1.5165260229787898	0.7514428868096933	1.0458317211156245	0.48559279896982005	1.3941025121200061	1.027886023688868	2.0304096183049274	2.0587641930122236	1.7238999558299442	0.2929012093141738	0.764441026507511	1.9562675973682326	2.003623670511452	1.1361720879307722	3.808866410948734	1.2883873569799542	1.6247893828747433	1.1547759631248458	4.998481452335392	3.0596176093841243	7.0583970184933635	1.4678576515267534	1.4376732293099297	0.428047694044023	0.23107256109622532	0.9807993644346392	2.4437914489710915	0.41204313469982334	1.1230362799772045	0.5966388482518279	0.2429570026626483	2.117785262614224	0.46753464467816513	1.4042965501796274	0.4739184307523517	2.096570313820009	4.31113021474884	0.9253440694908751	5.520843588290339	2.0122563912025067	0.9483543100398529	0.19720319588168086	0.7302866156708577	0.9987305613308897	1.7145829472981098	1.9197926613666076	0.9211250329334545	18.962286405787584	6.204475606261907	1.0770776476865749	2.198839636395575	2.1788292844398534	1.0732596153230416	1.6506419402392696	5.13303355091909	0.6014121772748114	1.2433157256889131	5.754670811332938	0.9360646943719422	0.6418098844441856	3.0569935901371306	1.2540710950254275	1.209979591063715	2.0277593040818904	0.771101608368624	1.5152621038786473	1.188594060500363	1.4092451143821827	0.40128541891144004	1.1152216982217924	0.9732622243999028	1.1657203455347747	0.06782734964363289	1.5866972696906634	3.338371727662533	2.371816619229506	1.3454107245323543	1.529604125508169	0.9224462051632474	3.013827840543242	0.577643496433548
2.288029295812668	8.10276754191358	7.927624838266023	3.505614261969082	3.1528962474978726	1.5894574825931311	1.3039265166990401	0.0	0.2154958656696168	2.974829806288513	3.920444450384831	1.975987204186548	1.5143260416342363	2.905904482775981	3.047265766525041	4.044710592288928	4.067869216306424	8.612185121735596	1.2101327737598662	7.6395077935425055	1.6727895753130269	3.9039234022902063	4.211838340677282	1.6936436824395054	1.3532298249781696	2.708926104433349	3.679013307972037	4.611051634128659	2.314873392296475	6.368548441640994	5.2270448820281095	0.40416088993369376	11.864152638583366	3.220321760928998	4.888546782446538	2.0905857450407908	5.352685211632472	0.36842171172589994	0.5874026603246137	6.4161811485753715	0.7046737572547085	4.033569762127982	2.1106038274268872	4.1905972782331125	3.6585158046089186	6.589837243606924	1.5144577848390561	1.9613976153373274	1.1201395641373084	10.141619243164453	2.236979379468912	1.2640744296120907	1.843133660793193	5.739281149936076	3.5719013233081247	2.194599059970556	2.2236913078759204	3.144299794876448	7.079305741333757	1.1156049955345444	1.5198860126604077	4.365588420737157	1.4599180660282278	2.308239686102438	1.596885719462535	1.932066639254341	3.5060740520012312	2.2813878964640684	1.8189043522745467	1.4518685233524524	4.742375933820734	1.5788243615120003	1.421466499439989	1.1090213737064807	1.6389782860134876	0.8696049933083947	1.2226964963770885	5.4718074471798985	2.361410667954728	7.18437202673275	1.316045286865425	1.2076342655133412	11.143365583306014	1.0177090292270403	6.057305204827255	2.419224892349934	1.5869724135983132	1.8429218982029913	2.486431808238405	5.473835279548762	1.3705823536734003	2.4358786708225657	4.193563114158264	2.2402530155970517	2.207032580113566	1.7129919904625495	2.9229772662561224	3.012382342183005	2.538237249717891	3.2881977664417814	1.7139652920227728	1.587170650123508	1.0865005338168365	4.496474744232446	2.716410444594668	0.8351980334425765	4.055733916881405	247.85038871864515	2.200823714560559	2.7792583701955644	0.2232911952290639	6.006939662406699	1.0287963134379159	30.883813875961785	1.1193525478412676	3.0161866384756015	2.8395981303588624	4.3035686220842	1.6057812811288765	2.9988740153616407	1.8764794878095385	2.8143070588113717	1.9374636656253656	2.273408790915688	7.273344804085649	27.4815193324796	1.8360023663622056	4.968848151207427	0.4133797332745959	5.15471577203685
0.8805164138820775	2.504914710322127	0.5444480053112001	1.946249604328429	1.5095630111289877	1.0195743685716296	1.3552208334120697	0.2154958656696168	0.0	1.391531002658438	1.7967403128191632	5.921595830457383	0.5128903940311943	1.2496015320100027	4.222209542418365	1.5800854888243339	2.830946589455341	0.5383438229004567	1.5868422255583592	1.6502508297904326	0.26104337692965657	1.3752658976537393	1.1516622756564305	2.142305285562221	1.9127793439444418	2.1799697263642077	3.5068614903766178	1.452892602901035	4.046707591079171	0.910608617297664	4.007425764082155	1.0099095945578591	1.8141470581868062	2.180859474036359	2.2985472744100823	4.096146847225403	1.823854253085131	1.0176366256299338	0.20658943296574944	2.303254641563016	0.39204145864858064	2.5709141157623328	2.1906389659416856	2.130532038302858	1.4659542859887342	1.3929627030903264	0.7394454169715654	2.667519611931579	1.7032635621746486	2.3177201034447767	1.4762868972645886	11.740050472528296	1.828303757519977	3.0197509185356672	2.1488396105586705	30.688672552746638	73.80625691167256	4.000415369647502	1.2905484968093028	0.8180987752627034	0.8457850396736398	1.1295335858771018	1.6548467355685945	1.6956794062916563	13.6238510560238	0.47737491525199377	1.295545377817749	2.6636385093340027	1.3697573333972004	1.2810541249626206	1.140336810326212	2.0129632066390757	5.509129525323273	6.95001520544549	11.598968042416105	0.32216861652240997	3.665705070131041	1.2824766065949944	3.758497477349452	1.6970831635733505	4.162190196988458	10.922715478888946	1.433157090189983	2.187508252853286	1.5875655126668744	2.0190213593734265	4.276676940904382	1.428447806548788	3.7059475939914424	1.3981921010851228	2.5539415902242837	5.040570274284685	1.181402889065449	4.196593606098468	3.180092803153237	0.8616057245729063	2.7063567681456355	4.257537499994898	10.123129351986165	3.2176596281085197	7.916525382648621	1.369944980784412	4.374813769478432	3.7016625772406644	0.8305007020303147	1.212928533722346	3.4406146155482187	1.441265418128509	1.2866967732290786	3.7696565051360253	1.390025097024121	1.4898118319392957	2.117768230612878	1.7606744745488285	0.14047530038413955	4.102365711818803	0.48893875045987634	1.2794485304890437	3.8752489641396624	2.6549395805795073	0.4670492460922011	1.4371349521645123	7.446140727408015	1.7110159079460034	1.7562844821612196	1.9707417638935145	1.3900761580763974	1.6237817000160901	0.41909832707786254	1.323698653169872
0.6859574657456565	1.6232397081933863	1.706524975212431	2.2043185948283406	1.278928147188634	4.340999154821484	0.6857563268214001	2.974829806288513	1.391531002658438	0.0	1.0456267829584949	2.6401390347466815	6.874280588872784	50.104624213655676	1.5703314261818497	1.616431926692095	1.5867864398807767	1.9050690848983058	1.7979116414249088	2.3637966891729363	4.62632102470304	6.143339364828622	6.703746033902969	0.8002204984093467	0.35984006582144384	0.6872509416360028	1.915236637963842	1.4023997421754935	2.2270605460563635	0.7678663423919188	2.110759512643926	0.975448562512717	1.3966274182802372	0.2952214969337308	4.110831027365851	1.1536258363604588	5.240163906293111	2.2579564700197876	1.770315812626017	3.3151146637942777	1.6315894050258335	6.599388916911823	1.4959574001117342	3.7352124837919694	0.5127080831836895	2.1980693896565118	5.432779241071446	0.8476734884350634	3.1692225094197486	1.4711640424402743	1.1558421930953846	0.3591074019000801	1.1278969730395592	1.825453402407996	12.053772034350693	2.722120447455343	2.746983529018414	5.243825206912635	1.954182550561475	2.922619375855925	0.36285075654165444	0.9140377521851222	0.577305903979905	0.554287255432343	2.101006481569946	2.4559738085500835	8.803635632742917	0.49392159773884403	0.24951129932722307	0.21495014286014902	0.4547782339240368	1.8909420265464685	0.5811449254242976	0.811748502730059	2.126173337093643	1.0597762147019274	1.0793381599518286	1.0640051568963926	1.5715143634817113	2.071754732395039	2.4089887604576723	1.146940444679693	0.670134514113654	0.8539551917919613	2.3186269025504984	1.0001001368578224	0.228002025776339	0.3036661573457033	0.8385584695520194	0.8835609588960308	1.8638897135352739	1.1076217462334979	1.3303846285417629	1.548435515005251	0.5103884096445206	21.31195594355624	1.9985984984820484	2.4977589903593915	2.0494653953612874	0.6241169401688814	2.222898615864249	8.917553675028708	1.9090954505260476	1.8896956735110184	0.7982023276845522	3.0845773347219954	1.877458650303776	3.5695022574899706	1.0371360748052914	1.2142358893866454	1.1293433589771913	0.5185136478788134	1.3907713702660438	1.7752592003259362	1.665734456079921	1.6770520001767837	1.2983813590022	1.3920989135277897	1.145662610592963	0.7195180855896418	4.169691294483088	6.205444684456775	1.6072669746821608	1.4775361139649936	2.7392694549298287	1.7936717872406949	0.4477929161870929	1.1063146352878244	1.0729982786043621	0.7397843649195935
5.164649596244656	3.0578209611546616	3.2964648555209637	2.707419018889781	39.443102158031635	1.2762548683835195	3.505304607630624	3.920444450384831	1.7967403128191632	1.0456267829584949	0.0	3.3543428692497943	1.7399390520869886	0.9763863662077569	2.8775767608065945	12.778605205977495	3.584169608616977	3.017250065554139	3.9876051408706563	1.6600773320702222	3.5272368531461002	3.1195022794091116	1.7471696572728255	1.589658063315367	1.9424004941735755	1.9323059610895335	3.877764726678392	5.379135149420426	3.762533365535347	2.524489602114389	3.496810892182101	2.4713288789652776	0.9624322650044399	1.6477622486416466	4.774588428820736	2.3290263563261484	2.835704182471645	2.722637904816216	6.173604340244679	1.4620553821020068	7.054378206967165	3.588934600762105	4.4183044470569675	2.4099131228391895	4.936016159286326	3.436139073483386	2.5916102454588854	2.4728778129462703	2.529387595024365	2.9256912837548836	1.3790286193044459	0.874562196678523	1.5753465708401715	2.8420035141484465	3.1081389394856855	3.1594111421116606	3.1108268738482776	3.573091170803621	3.240555756182256	1.8197933856160884	9.846266593173983	3.253359662265348	2.831173176749357	3.086209018309754	2.680935075367127	3.291210545419216	0.9187351876370443	1.2578786891749494	2.6189698084673387	2.497793503662275	3.1393851232803636	1.2719850631507819	1.3447021519111366	1.4767012973848317	2.3952542136480983	21.23486697411702	2.260121527315372	0.7955817733070886	2.6316958833429163	3.44138004563097	3.334551958840618	1.8613687758337667	1.404949124114789	2.266649526993033	1.2192371270506575	3.8406465504343887	1.3221162170549092	1.543986471482556	1.9583389359991905	1.5782317298582815	1.7118208318235162	1.494922942359586	1.7225894638461623	3.0361991265479324	1.0644919051846478	2.807027163967163	6.855286073640319	5.13840830348564	1.976263729982909	1.1766433998467885	2.9900486757353657	2.5763489982139904	2.9057411212115083	4.441929282721381	6.12680432181552	2.8811639166475764	5.111724390820477	4.703186508084063	23.40531491362828	2.6283058561100288	1.9270028070845528	3.3999703901328937	3.092400533626275	3.037044645254859	5.501440041191894	2.831513188775258	4.519895774270457	2.898742764968643	2.3325371789541847	0.9127884604479717	3.5953248767378856	1.9168132161145397	2.2989882609803365	9.221011593159924	1.5767521238666256	1.564271427029988	3.5974166350776495	7.2445171242216455	8.321869406532082	3.6333883321457066
2.5628539075974555	3.792577039705576	2.581760795662505	2.7875215263834625	1.3974886605138581	3.2906297586484525	1.7940302292178034	1.975987204186548	5.921595830457383	2.6401390347466815	3.3543428692497943	0.0	2.1315419693824533	3.005183456310601	7.135682127352335	1.3210181486955321	3.9972577739748605	2.5008323383537694	2.444608700433976	4.94651815012952	2.1792808816190394	1.0409986186358107	3.789816722947588	12.044325404930916	3.320440993076388	3.556153686364167	4.379393557747725	1.5017709888013542	2.424236105649553	1.8993564176090305	6.1974506028753815	2.7654275646272053	3.4851438633754332	5.415098486562981	0.22172277255596973	4.0647335317708695	1.610997505891447	7.105722538197179	2.1609342107475498	3.5042278074990296	1.9230929184490104	0.452392645415986	1.879223957617819	2.410580303072086	3.035425076524059	1.8966403954460915	1.861747468053141	3.1804813640020417	2.338269963044981	3.5957311243223042	3.7352359495051757	8.257142866239253	4.120646854140189	4.7133323652189505	0.4674298920986965	2.874966053370431	2.8141235580503885	1.0519125413091697	1.3615804068786181	3.1052769954813435	2.1839494917303672	2.8835654262072086	2.7603097034122253	2.5036579565506547	1.6136324905646404	1.9291744559591264	3.074727983174922	4.861171079926732	2.2674333736759102	3.1017154053213667	3.022424833628034	6.445173913025966	8.345830832807373	5.935595580978611	1.9857840728831728	2.1662918592308222	5.181831857076705	2.5205457514383864	8.294234006178593	2.1441628249616302	9.691387098502787	2.945779855860979	2.888695460485376	2.6185175609177094	3.124976701700853	2.2322123298466843	1637.8653784765813	2.714065733894163	6.6616053228957846	2.138522309640322	2.236445723937908	9.381814076965675	3.4672924994575425	4.1900514359869385	16.5585842101877	1.0459604550435808	1.6300129206211689	2.520153687513023	6.430949725041819	8.696173651132256	1.388569851390427	0.8625472334407247	3.7068012121842617	4.9008075550330314	1.7668772859497026	3.4849654768318974	3.954583690607379	0.6649354077388745	1.3047647988275815	5.210132126643121	2.5802181809256575	2.552476072812196	1.3105708861164507	2.2778304411558	1.8866834913628223	7.607758728989722	2.3223678410123854	2.686038355095145	2.8515776766995415	5.090352864468421	1.3516192653832826	2.017324557811074	3.0500746063909343	0.9876853205653096	3.431892714296943	3.104658933625154	2.9689003499151467	2.0771559544172367	1.757308003772552	2.560289276329534
0.5031800463114885	2.9328702762541767	0.4496636183639895	2.352083727746424	1.72491225273471	1.593620676132596	0.8168935491832788	1.5143260416342363	0.5128903940311943	6.874280588872784	1.7399390520869886	2.1315419693824533	0.0	5.951668832601278	2.073423296048615	2.0038811937844656	2.2365428982077677	0.27726883894322385	1.2600896731024305	2.3113085605413914	2.651972459945825	5.172897659164347	4.424691963023472	0.602910267478242	0.7365630644994672	1.4208259382139088	2.3660220804916476	2.202129841593437	2.0413440822319036	1.4139068184414814	2.9858313644424292	0.5049485874764074	4.6891080880557245	1.3104344254828182	3.547265700804013	1.5358669825524052	5.637588963432525	1.0732531385848123	0.6943726280110813	6.376931829236978	0.7688100387862494	5.064764334009346	1.516854236979587	4.057601955832698	1.3141555390523616	2.3226764291507447	2.834447835442673	1.2849341970686265	1.852400158358623	2.947756037326597	1.3852807134859244	0.652925500202123	1.2579604841507122	2.891963034016033	7.2020331803305035	2.3586261504025234	2.4011910724333094	3.9783738467999066	3.0665283363548865	0.5946504302774086	0.43408375671711563	1.209364517993654	0.8192170628599841	1.2295378007979647	1.7550567930892949	1.6571060897563126	16.732586107432343	1.2295634977137788	0.9000419972686896	0.5378539928300227	0.9346004432572386	0.9773089623257223	0.9747969111869803	0.8508028340459074	1.8287161884538643	0.23034353174809674	1.016536891901019	3.3517450290082063	1.7784843304707831	2.5803541075268908	1.6776943004649165	1.1322452702535286	2.183868620991482	0.80286391176877	3.253393248777656	1.5269116821617912	0.835421417384184	0.8677384454175673	1.5257600169331764	2.645000787260023	1.5943791292987557	1.8718590085359337	1.3458053317716838	1.7392763099774404	1.0308808644718488	19.811153094242	2.140431681029331	2.4728267776701736	2.384243047866537	1.6563380869315274	1.8764768774066285	4.433512393566008	1.35955610919973	2.6373410779581916	0.8276648935744894	1.6444628119183766	2.483779434326111	3.7571088367730656	1.2710434921335805	1.8045846929156055	0.5809448003416676	1.8023945081143886	1.0829736710184539	3.5023558443265723	0.6195538687768122	2.1119239488914445	0.09172793115095265	1.484825727820562	1.3018949084461526	2.3827167682428363	3.275753601705468	4.755029175125323	1.7463923338147216	1.5830928379096563	3.723916288495639	4.534445072106273	0.7756069218475464	1.952754269588876	0.488418532960936	1.3708450081232468
0.8317803834253826	2.5360995007615426	1.2410675019580275	3.179278452680151	1.7736866100028106	2.5130885709117217	1.0138000924356987	2.905904482775981	1.2496015320100027	50.104624213655676	0.9763863662077569	3.005183456310601	5.951668832601278	0.0	2.20000539096833	2.1663400509163138	2.318031498597795	1.7831650354694353	2.034196521634583	1.1977267542563195	4.482504373798471	7.637732816523128	4.245876822211082	0.2925452969404876	0.7510193371595728	0.9753567190582608	2.568791552018506	2.03515149024578	2.6672275394935494	1.3692069265155713	2.829159465415194	1.060320971464123	2.221549433705869	0.6986178923515243	4.781406592069086	1.5984191857384882	7.246110767585636	2.301238182621513	1.6857966011554095	5.838738853158294	1.6703825116966327	7.785428124103459	1.9245687643911464	5.496400068660789	0.5445898690055486	3.030400107863545	6.264133656644943	1.286775300913331	3.5408337803535104	2.3398615897716084	1.6726555814616424	0.23743678271895208	1.898136659096597	2.7510654491669415	14.502408909012129	3.083724334613552	3.102432405520537	5.907157429885658	2.85429924359016	2.9751668838856324	0.4355666167772296	0.2967252135937879	0.9617406232468455	0.9062075360158554	2.457148054752946	2.019741518707377	2.4419800559068747	0.821660450720793	0.606054791841755	0.3993485740181426	0.4288249472444278	1.0189720729183351	1.1474571096963515	1.2364755860640386	2.5520658968260466	0.8766467254796194	1.4399104472722495	1.0147739739005512	2.2027059844042927	3.0166214511385516	2.573894352424867	1.5113622960479118	0.8754681758871781	1.1445661302186125	1.790485430663254	1.367326389906216	0.7372644403814377	0.40302922215643977	1.3741264084478662	1.5879417832389937	2.4958030740778874	1.9251305477556837	1.1831415521699593	2.028347939747112	0.2625409402901192	25.057018330206013	2.402217636457157	2.8955905067146444	2.723200509784207	1.0685184406153878	2.458257885749966	9.209098914123192	2.109325585576341	2.4584208086512396	1.1459668155787615	3.2587185540770287	2.4297094703877846	4.350810419765922	1.4526806732117248	1.7279657511430353	1.155378355434746	1.18766904090723	1.6071890305091776	2.8624489364209516	1.4406601619501163	2.355002600076161	1.0602512206829515	2.075180117294068	1.5359703268955986	1.81140164839186	4.261427552337897	9.9580520781343	1.994719468713817	1.8543573121872026	2.180260709892607	2.7303234245911985	0.855465449838819	1.7678887112096837	1.1105286477487821	1.4189219734230696
2.950436771525442	1.4201717805468668	2.9907441836133084	1.9866520119814928	0.4517772447863451	2.7149148211620684	1.6490723783388792	3.047265766525041	4.222209542418365	1.5703314261818497	2.8775767608065945	7.135682127352335	2.073423296048615	2.20000539096833	0.0	0.8743425436695	0.8084867570120343	2.9195390674085497	17.158406709649398	4.768384123159275	3.3822458041111148	2.0130157781976665	3.557041246639691	35.288789283358604	2.7087698267673743	2.5656652297374065	2.1062766405258997	0.23259175868040827	21.695789084796523	1.5244939034518714	3.5733048790905624	4.619849755681537	2.202171514760506	6.2935093347375295	4.196238557097555	0.20012563531946762	1.1433945416316047	7.099410429208775	3.4684586815670495	1.3827579781735313	3.3090499822754498	2.874867533897782	3.991218184952983	0.9724187154099834	2.5771527721952796	1.9066868827238685	2.441932059516135	0.8243274371763076	3.3549801733312217	1.6264335791513564	2.4816738359842727	3.198047794214312	2.398020440260061	1.3517338606738925	2.041877515928789	4.341616805213838	4.00023951689287	4.091341030924652	0.6743786888529798	2.731824533074319	2.2549496632396537	2.787158547079014	2.676819983910362	1.426601241469621	3.6585915593291416	2.5121824859890003	2.320180730777086	4.0835374582486015	1.516407338562359	3.3656959403001236	2.901958830033222	4.093845743522246	2.334371543313849	2.13940638779328	2.4777187020570297	3.0742606078485224	4.0246201868745315	1.776337932284282	3.955938654672612	1.4798809035640639	9.909901653857125	1.5763937855722046	2.1313111749539946	2.857211255705287	2.721013016207947	0.7606274880531427	5.290525609821103	2.231043237978594	4.819846841548269	1.1074538016915683	1.3578356320081855	1.6458174110871553	2.881233714793358	3.0356311883260614	15.602090674606453	2.2180418846107535	2.5520666337994404	6.244882053151938	0.5285856272174638	13.629162326058195	3.802961576910413	2.337700046564778	6.631290059569218	3.0223002248652344	1.769692276151844	4.973229463163194	2.0336325897378535	1.890743797009049	0.9872554326157686	1.9477610072447333	3.2655237054415736	1.5552527406229169	4.524354332712319	0.6461629412482389	2.6250287714489917	2.2055703755027602	2.824346923965493	2.5040282205191633	1.27064867058702	2.3540115284885745	2.458692059473715	1.2437313286966827	1.3973236112895493	1.5097355521770865	3.0663955234692652	1.634060223464887	3.250342468385311	0.6591426716222367	3.1067411240252296	2.0538309390177103
