314.44 1044.21
231.18 857.32
440.13 122.15
-202.56 -219.52
-269.94 413.72
1103.95 -111.46
310.75 429.42
386.49 669.82
1341.05 824.94
-53.21 435.59
1170.39 -367.6
302.49 475.23
286.41 -541.56
419.79 -226.2
-159.17 926.51
-190.07 -30.54
271.73 167.33
592.97 924.79
791.39 983.94
1103.31 -148.51
428.4 704.43
-333.64 764.24
975.56 501.36
1190.79 182.39
799.9 143.54
555.42 715.32
-117.44 315.76
108.86 170.88
245.22 783.26
22.65 33.82
-240.29 -274.35
938.41 -432.32
245.3 134.84
333.78 101.17
-211.25 910.38
417.91 743.63
103.03 986.23
741.03 894.3
929.27 341.66
225.65 257.34
793.86 263.12
46.0 263.45
319.1 276.22
-336.76 -176.83
431.58 380.02
167.7 1074.98
527.16 -48.84
5.52 -179.45
299.35 -17.2
205.03 484.39
555.73 262.78
668.83 -53.55
576.38 -148.67
-69.08 40.47
-176.54 702.04
-173.83 900.31
-53.64 99.69
-71.19 161.21
-302.68 209.47
732.84 153.81
1089.56 825.05
537.69 119.47
292.47 79.96
351.42 140.72
197.26 15.41
1225.25 -163.81
631.52 -188.06
372.42 -263.87
956.92 -290.66
1081.33 295.04
399.86 -96.02
895.79 -413.69
79.76 237.53
323.71 -15.38
-5.64 31.39
620.03 1023.93
388.29 798.23
213.7 895.08
-64.88 -217.82
-44.5 -435.71
715.73 1159.07
-25.47 1240.36
490.13 960.46
348.66 -21.29
951.69 932.54
323.02 906.89
275.65 231.25
697.64 879.84
83.45 839.25
57.77 -4.24
-205.25 127.62
126.42 184.65
396.7 865.48
-206.08 180.15
544.63 1151.79
-57.4 242.42
-394.63 823.92
-640.08 563.44
-5.31 445.11
355.59 -38.48
286.38 874.74
330.32 503.83
213.75 318.63
-587.79 670.04
340.01 -318.56
308.54 -537.58
-551.13 596.1
136.2 557.59
304.26 847.02
264.47 445.58
897.37 654.48
156.9 497.63
292.47 52.05
170.91 1232.96
524.74 775.46
112.62 522.0
872.26 -570.09
558.4 -41.13
-64.77 -489.87
565.42 651.56
221.31 -319.6
-42.52 37.83
-224.16 -673.95
-85.1 886.39
737.02 69.07
-52.44 693.87
841.43 -239.46
-263.73 744.92
869.23 23.56
610.5 645.32
471.35 953.29
82.8 42.07
428.87 948.93
374.65 66.33
853.61 1204.32
-104.94 582.66
713.9 79.04
869.55 532.65
544.89 -215.26
112.2 -217.58
-134.59 1063.53
858.72 63.4
200.66 788.74
-96.69 507.33
20.43 350.21
648.59 -166.41
153.27 399.15
844.97 -435.42
483.08 696.97
-314.35 855.35



0.0	0.3548056728717844	4.94830330486357	3.329933963006435	6.180280993938396	2.1317909751929873	8.065498940739836	3.458815519555072	1.664055600626837	4.227275235632097	2.1950856556692857	1.0163288109709316	2.919027164575445	3.215482819460479	1.4794668777679147	3.919949885395097	1.1294210124315354	0.8923822345622588	0.8066346340943523	3.0908927040168916	1.0873145266137083	2.3404541351882058	1.800640865555239	2.08913823300922	2.302159151829968	1.4299701757303989	1.4370751615337412	1.391892896057368	0.5056729015920777	11.812383608318475	2.5046636268434557	3.461713515707901	3.3745365305275685	23.479507722981644	3.1459747254397943	0.4557909923018868	0.36166996862757245	0.9280612223477969	1.4688446449893426	1.2909731174893369	1.5195801633003159	1.370830275912441	1.5690358880833428	3.3231225453737965	1.5519542594157962	0.40282248801841863	2.0641033757704284	12.12699862989293	2.174780993965286	1.1438066520421288	1.7586440507944223	4.976517480560267	2.091550292934956	3.0757427160675306	1.323981493902141	1.655988136622916	1.5913101834157852	2.0824498843520174	3.5144782554103453	1.360565446823901	1.1453529987919853	4.034044254056399	9.264719908687638	2.0299586310028155	2.5594741113469945	2.0110064250197244	2.676713135495029	2.6105692854280207	2.2111985664872984	1.9664880577505985	2.6242451117770242	3.4387061895746767	9.665166691975637	1.8419895951471086	3.4218027797431922	5.1882936892360245	0.6653084627463353	0.5499300534088944	4.7970527043959486	3.8731113551366536	0.8437715255231621	3.404635552889515	0.5426112601559067	12.185764936602348	1.6517617201453565	0.2636046871222674	38.68311955083887	1.7615843074719661	2.6146102858040727	2.9313387913465556	2.01076659587367	2.6233816718171488	1.0130666916157185	4.762512181492537	2.3027908602474634	6.497306301012779	4.057525389269642	85.62840756172602	1.0962131269834268	6.165595556787629	0.29830385632899303	0.8992834500609425	29.743061517424874	2.449293223755509	4.609124941718948	3.0803746548222986	8.559641643686739	0.9385544803830451	0.42802633818608765	1.1902023364297405	2.4197902918010636	1.1775649479074557	6.006006663759495	0.3806502463606445	0.8784699515716726	0.9973203899988388	2.5717588654017827	1.803130172107865	3.05139977550636	0.810315291523189	5.729443926911806	2.735223353322681	3.0810760626216758	2.6350545130939214	3.557720258953962	2.1417146429371057	2.1221164594684723	1.4017522741902078	2.0933528220830113	0.6862107863858675	0.4176535600286158	2.19994851001428	0.4362506705580905	2.519603361674117	1.0754648760327374	1.2216456707632517	1.930709986829943	1.9332268660028342	2.2109343689953973	1.702127521022822	1.0597461313954684	3.2185444666391057	1.3823953204569523	1.3265455258376722	1.4928085140128413	4.786822155678911	1.3586765505867526	2.042170556273866	1.427340087562285	1.7334204933716604
0.3548056728717844	0.0	1.2928867831896724	1.742570275406135	1.3691124169852993	15.915081285997928	0.8693230793885397	0.5171341393824637	16.145667796194612	0.9689099161152871	4.745291985871199	1.7628640228477144	2.211430618081159	2.6033991214997156	0.9262431522020008	2.434543312436753	1.594003453502339	1.1820550206917717	12.532027851847037	9.768783185800316	0.46154434996088484	0.8850243906194751	2.4309315793880177	5.407696913761686	6.580247345436794	1.199433203708015	1.3666823992993733	8.074410620396948	1.3832727170143218	1.6733718654283931	2.465208076897585	4.5884610790202505	2.1461564127140305	1.3785223472246493	1.0514743839207468	0.8040019963962866	4.765530199725226	1.5627842031357138	2.560669151310666	3.869992854768641	2.2387637782572294	9.809129004678102	2.5690041290984413	1.9881491200959578	0.8000121662341415	0.9756782423215233	11.86435422044781	1.8932597249277539	1.9959448955279695	2.609427691549745	3.8851886792656316	2.5752462745398166	6.0342064276348175	3.2385818091814866	2.7294599406057185	1.5116874336467714	2.2121204303492976	5.426686014952416	1.9596836703112035	2.0930159287557983	3.050006261644022	1.3337871221022055	1.4577896461735385	1.3409587560892002	3.7451082484046467	3.3510117354318805	4.072969033769276	1.5795559993125514	5.1320736055640985	9.128300713892173	1.5507469187089729	3.1568595953498595	1.0801310532926607	1.4663333019598552	2.9673577001223985	0.7025220003881333	0.45346227919261656	0.09223150448235931	2.4398965559599595	3.0456845876442102	6.959120914124897	0.7785202509704768	1.2628686219922176	1.795399196946789	2.4285373611168657	1.225048880646675	1.0631011048643708	0.923948259633863	0.316115238694345	4.031356070701922	1.2020057137276978	2.5036054535829395	0.4180090030862637	1.6054177197531518	0.7674393499698922	1.448204555751293	1.5201326112909308	1.6296399192635609	6.108996180132817	1.9572621769383194	0.18317034413495706	3.045120462836879	0.9704428518974102	1.212904333631004	3.377502363484804	2.1461355297249747	1.5580192794283374	3.5111672900184607	0.3486027142561953	5.309127231408007	1.9051803891740613	0.6796762588264424	1.508993654992792	3.7632973360721045	0.4956107156359268	1.261981315460873	3.526236629319195	4.3628602323079955	1.914366612906963	4.8492840151596175	2.5326569575262496	2.183445945816912	2.828267999927732	0.7659363367526947	1.5347101900881421	0.9105521757422028	4.6178075190677506	0.7426234687639369	2.432947706362538	1.2012359934469095	0.8021045158005753	3.7198259347658467	0.5646917505482834	3.0150169831458906	6.207475084851529	0.7843141162659977	5.018269939736809	3.0272052856783898	8.9120092218907	2.1766979070869197	2.708086110719409	3.1563598034150555	0.1654154203144684	1.0920972702754486	1.1304647679157442	3.5132120045157063	1.0543185409332214	3.8859389764167367	0.4921783840995918	0.8867123231868245
4.94830330486357	1.2928867831896724	0.0	3.275846843203428	2.578629049825904	1.0631136417728104	1.7417816797135348	2.9982316147525143	1.8142715800463536	8.554649817957847	1.2901850672318493	0.7538494253102862	1.8576752639071268	1.2735580302092628	4.665894652970693	3.0725643469721176	0.25745713277453675	1.838579897427862	1.4952182673293266	1.5638986266117747	3.5967427935622713	8.75843540742741	1.728887759902036	1.4145463550222201	0.7960907500404425	1.7465859578213914	1.298258887104164	0.5234093285538215	1.2269796043913457	2.927943091675014	1.8409035698047027	1.9842951316164938	0.7655092001980393	0.6975510783491482	5.506216199778942	0.9800705591610333	1.5164450001870196	2.0953963632386925	0.9856276114495619	0.438113357846755	0.7606031274813464	0.7009883021693366	0.4506914133702763	3.496817037293185	1.0364625987726883	2.7557919852882105	0.3603190203613208	6.083177491470571	0.5547753883533366	0.7754243845439971	0.41485106011606093	1.44834693132131	0.56018237582938	1.5874891399182594	1.6647546869366872	2.8924260333417604	0.919896303640198	1.0018981850519555	3.9244772503978775	0.47470744225975126	1.4997210461807513	2.033306841075161	1.5114553194148337	0.3221336304013192	0.5511832830219011	1.284748070330586	0.9010501932996023	1.249153000360674	1.0925819217526953	1.1156367951102415	0.8766995317650333	2.198821983273785	3.6548013045077523	0.4416947665049866	1.1623013881381195	6.631647574834074	2.3506842859722843	4.015389210240318	3.832655341184133	2.7770126112463682	2.082528591990285	3.994324022398251	2.0808865982085383	0.9711689660930791	1.9250451790304828	1.4148654777542382	1.1357054212893738	7.90310230268756	4.7756779683610535	1.0754984894102506	1.9139956719171665	1.0011562750629022	3.5205817861061988	6.990401455969681	3.5122400758997046	3.4347068030646146	3.6593605672336196	6.1852093298673845	0.8443358109537991	0.556432156102404	1.5761213918428547	0.6107496288604495	1.5013357711528614	5.511317085742778	1.8373034305793918	2.02672506724361	3.8010108556673443	0.8921178859550899	1.759526612401382	0.7168658448769403	3.0289445674211373	1.4621278489628673	2.7673562063758803	1.725753376869223	3.220270131256799	1.0686654208939335	1.4983070307014084	0.3589893210682579	2.402698032495761	0.9652143887446114	3.6662641913249714	1.747970276336911	2.4378729423945664	4.110993217029957	2.704278990967036	3.17662906307325	0.9233062781977597	3.3916744964062384	1.0257520837432932	0.8643934425792387	2.3784415100004948	0.6636782197688841	3.3536834169069762	0.2504196810311775	2.021235496213881	2.0518838028557083	0.45208745839010117	1.6384471411665742	0.638827733318858	0.7513983167686209	2.4032397412107125	0.9210210490444762	2.0080228145221697	1.7411046741712122	1.3264211151954841	1.1265849611603482	1.1141542144075434	1.000858575484998	6.963272910831345	5.414342724947354
3.329933963006435	1.742570275406135	3.275846843203428	0.0	1.25308001299551	1.8201971901670355	2.0565606321793837	2.781009371533525	2.7241834565669207	2.613065785428281	2.138293404547181	1.692350332192936	3.291447467378589	2.4942392046944857	4.777663022215382	0.6966486038162331	1.0195957787153167	2.2720281310357837	2.2093234534548016	2.4594637311347403	8.546915660610194	8.661371757307531	3.8546050142122166	2.7151215928582157	1.9728019636473908	2.4178443961967324	1.5540888273133167	0.724962317861917	1.680405574744974	0.9547100550072538	0.2147607336866617	3.1551801883329684	1.528439550419073	1.6631936567970969	3.173756407463628	1.8663091947524924	1.84274476517322	3.8860472314336807	2.5534627928861227	1.0675628790956853	2.5064038826611212	0.8345694735011634	1.5785597447546285	1.656928234519168	19.939043314160163	3.0160011206159085	1.265897169242407	0.690083773159079	1.9203884518918684	1.2001314595467172	1.8230562756676134	2.6919873775261767	1.401177063723003	0.7133756050951922	1.456703254495543	2.3527370407498887	0.7385062016182833	0.6399179451112716	1.769827345624067	1.8491193379278328	2.7056139682569555	4.672183727281858	1.8335037520992474	4.2095983429331705	0.7412043502064298	2.4928317748016813	2.026252818274144	6.299018128473266	1.982755558364711	1.9619205455128728	9.174803761521213	4.519022321857615	1.6504384244058754	2.361127809505235	0.5800113303984614	4.140584183727955	3.952356240924068	5.477277663712854	0.6003008174771363	1.1281644589385058	2.7356689479352863	2.8011455217417702	2.5680571346672036	1.5301527476443633	2.4590426435358115	1.8739032445916113	1.6596933313132842	6.7334009745345105	3.0084558693572268	0.7101281932679531	2.9668333138710254	1.2572359467208656	3.3260524066719857	1.7159124218539685	3.034364335233791	1.4306916229256332	2.1655493203193283	2.187773906378005	0.9383057140681033	1.103994145525736	2.6517668455250405	1.1909451110460805	1.6192061385173455	24.273202169510437	1.6428686433222193	4.597790179389155	1.753147959131199	1.213951983670193	2.571734081290085	1.372475433373761	4.392097998548987	4.251563178972076	2.2143760754501827	1.9841268387523119	24.00276700086237	1.734944798095793	2.5026122891757443	1.3959430767764016	2.8067027182310476	1.8910104155390681	1.7860679372929942	1.1064627231289483	1.662397448070787	2.729985385080753	8.80646976684325	2.460040034453803	1.8566370579144296	17.21242001281524	3.1855868894318666	2.039348397961032	3.8198829551229236	0.5565918952592431	4.7195975160471315	1.6098054308345913	2.5877537709514877	3.977743887372648	1.3001581764615	3.0260632313568094	1.2705428405409158	0.6035809508805452	2.251445750939779	1.741871569376387	1.9522726753600377	2.456562998539427	2.3944652462491147	1.818716035929687	2.534514793909026	1.6776385558970675	8.19978559255108	20.892538922262208
6.180280993938396	1.3691124169852993	2.578629049825904	1.25308001299551	0.0	2.5772135081132905	5.444318646370972	5.552054090222239	3.021346650599609	0.8676384592914209	2.2923156239994875	1.1009498413201229	1.8026009046447513	2.2111186303715606	1.4428580894523828	1.383610449760183	0.7807552035970259	4.712554895180704	2.410629059786563	3.7458870427867215	1.8756511382191383	0.8664692731319529	2.631896860245127	2.6968697467810623	2.9767177025318876	4.461280759716297	0.2959936676574603	0.7951376534120895	1.4408479577236566	3.118351408054225	1.1417999290497785	3.2255092218778882	2.3650571628550314	4.520524960759627	2.816185248726804	1.1617063276426425	1.3076280997905214	2.3204934541812974	1.9378506578138592	0.9337032840225066	1.7966032651096868	0.6654365987559349	1.3249534632560307	1.201673370104728	1.3397262721120504	2.453214609031817	1.9684208395387601	3.077815427716875	1.3869721956278995	1.2361921728934755	2.028842446238166	4.418715746269947	1.9005880538276452	1.3523416417751946	0.8770036731433113	2.1143902456510015	0.6074297367130008	0.8925004423515548	0.6279229642327482	1.4542787069992	2.139346107549514	2.520374457377963	3.3308872649103254	1.3425741805623908	2.1228089023047922	2.167161023607514	2.377859837553937	1.562703791998865	2.2392984873245827	3.1016152351208945	1.6206824338284815	2.914691540255437	1.8354868397762456	1.159084135580933	2.3020518964339236	5.529219398466933	1.9166997828324988	1.8448178708139091	2.0665741919701066	2.061831207306777	3.0277181036326595	8.328472413825615	3.4759869864710926	6.030463798146696	5.0740139223909075	1.8278401796424584	3.593907412094	3.510162119444808	3.776163402229687	1.73601352560121	0.47725964173015417	1.5471886288074763	4.451463230151038	0.8622289691743019	15.305467488349512	1.5660982106122923	5.463331452299519	3.0780107021174974	0.5135763528697753	20.578490817391756	1.2870365092816884	1.2346639817481628	4.26573578060882	0.8083664516010405	3.27368719044204	1.8797310528543267	8.109215093763835	0.9616273427410829	1.7046236591313377	1.2587792964406685	4.069532525265617	0.8087476589228304	2.6365291300470983	1.7957872995954567	1.8326893604801655	0.7368430699962001	2.2500774275593893	1.6442020766898866	1.5129816438569241	1.7216603809959308	3.0562035511375343	1.069368670729636	1.7239451833640314	3.8645789964846307	2.6722543695496777	1.6520159023580496	2.0803054755382573	0.5930571257444641	2.104360997389365	1.2993752842098947	2.134272917909087	1.4863306953056357	2.4552222914871296	2.02637598149941	3.3013558962441905	0.41789313661622435	2.4649760454458236	3.2743077308720534	1.9859046100663849	0.9766843040134443	1.9870134167300608	5.41192128661288	9.507189841479756	0.3687051077564923	0.5480560108653965	5.829677114669798	0.8202062567870702	1.8942858659151602	2.1566523594996583	0.9480130088785885
2.1317909751929873	15.915081285997928	1.0631136417728104	1.8201971901670355	2.5772135081132905	0.0	1.6541391520732718	1.9298049738221859	26.333618793108382	2.1436705775455693	0.9180574791295039	4.181550155938335	1.3796357365938028	1.4697719739922632	3.3604820327303853	2.779440108903745	2.1501739478589603	2.95516346880618	13.059946670749255	0.18163598738946915	1.7690171084123139	2.369947468631449	1.6630715033408578	1.3693995369427718	1.8539179495932843	2.6352294743607607	2.6382466930685124	26.16381018549793	9.267663656244581	1.863499094741747	2.597478518491233	1.0013806190827332	2.179954563444353	1.2635137375248706	3.329273049637061	4.497296275258977	29.16721600466716	2.955152306748539	1.434959705604195	6.413214722392457	1.2962868062261197	16.159809575451607	3.269036725940289	2.2409356559138045	1.193969660758757	4.995449461402773	4.433977436044167	1.730050324837867	1.7059226136124064	5.03124668904376	2.890531572977362	0.9444861785197952	2.8633767331187183	3.508094291769995	6.359445065509466	4.6678413754088925	3.2034157848124734	5.498935750550294	2.9379301035447014	1.1461304449146619	3.7007885976349773	0.9175222435904034	1.3647988707483485	1.353040411955833	3.013810945652807	0.3263070520887323	1.52361675842828	0.9802431373037123	0.9445881505079698	2.3587177593460575	1.0455598281211362	0.741223450827138	1.6214656862181016	1.251162249057152	3.0122308073413224	1.814423456936374	2.739515056150991	2.6374923048268193	2.2518147842042917	2.4655702664236645	8.143938311202698	2.613134030395915	4.08666942907387	1.328204381083046	2.820256813029893	8.009557665647394	1.3383303649199487	1.871724990725006	2.5416526409079965	3.5859273360233357	1.7718435329149882	2.9788646653097657	2.548500261429982	2.3495495392545083	2.1510688695821645	2.2257798721311874	3.5759042365621077	2.903079871032892	12.988886615983521	1.38221317179033	3.8850527895589275	6.391908216841111	1.555349735682563	2.487563481904678	1.8970698465444222	1.3032230023390556	2.9449478857763065	7.772882281685286	4.780315403925941	6.605032464156177	1.8340312766175595	1.9413254286771933	1.3628813751966646	13.691917413796059	1.58354366852108	3.9415623840314704	1.1521548264096189	2.557850267460548	1.6040570428864818	8.78898709895939	1.7035994156858956	2.5889622520835456	2.440329444934283	3.142257837620838	0.6077869808705691	3.240738473804733	1.127008009267002	2.2029303388997437	0.5953330449621974	2.660266811039417	3.3632411738542176	3.530040526187881	2.829219414897451	2.2975018117401036	7.308316058751242	2.3632187691661772	1.8222991469625114	2.2763311532660864	4.085068781658695	2.051015973343481	7.209769952595056	0.7543716974065409	2.3813495954352883	2.8685778207647052	2.2649842436118317	1.1604143397855358	2.266946144479543	1.2419350498378492	1.5178051872361455	2.5608393146760102
8.065498940739836	0.8693230793885397	1.7417816797135348	2.0565606321793837	5.444318646370972	1.6541391520732718	0.0	6.662708349445235	1.9898406134890563	2.501867675361308	1.7216592458455011	0.09537295097935934	1.8853524730719307	1.9292180375106494	2.4514900775513273	2.756915823808986	0.372317153025761	2.0602713108803092	1.4093863917445275	2.536894920229312	0.98932509624461	2.3848227838744624	1.6220233201885965	1.7713829579565932	1.538668973524465	1.7858403463278618	0.8257569868769519	0.5771365181750422	0.7849049042697027	10.34796777765558	1.7114915340644368	2.675455620685455	1.5227418678645304	5.636820379130572	6.863298601694486	0.5308665575468553	1.1214266812516613	1.4969821383680042	1.0974230565978196	0.35645287471525705	0.946500988084584	0.5939662149142523	0.36704852355571477	2.256608674208805	0.3108565028100656	2.2242543261239542	1.1328343124906126	6.311132221750379	1.0244142764602735	0.2794290278212568	0.7589791576165666	3.617041140452371	1.2474123110727326	1.969273829694988	1.472895897927374	2.921303521705149	0.8582620621762701	1.2001167277932276	2.671245866345498	0.7654437938276678	1.383313187911175	1.6392010341181364	3.8948803861189187	0.7102482713755781	1.2822202401481744	1.5859368102885991	1.7099967334778825	1.4141505341860783	1.6171035427369127	1.6570714623859604	1.279667771149218	2.518080529286126	2.57921265822182	0.8252585543754758	2.1182730815228488	6.069475304892273	1.1539812443794264	1.693311182353815	3.2621473303882764	2.726070053435012	1.9928364499282254	6.05136016319738	1.976734595438788	21.00479119355558	2.468047699624083	1.0676201902914488	2.232277757914608	2.8984213360856415	8.89657827438792	1.7181460784195781	1.171165810460883	1.1722916345676688	3.657408043942391	3.202149387054841	6.168672907526518	5.2449836461383885	6.778506736502745	15.011041769109601	0.5809576281633473	3.4782145965530074	0.8753137390189845	0.145666034464326	2.562622216125781	2.3342901009175128	3.2704201115373013	1.9688203109720908	8.262932324669542	0.45285490340625983	1.0752357302596538	0.11439850901689769	2.7889286850477335	0.3779074646646464	2.5635122552921916	1.4859616038681152	1.0929331153666024	0.4436436990774138	1.8951875846193655	0.9768999619512214	1.9570082212140492	0.6771432599931146	3.8809166631154257	1.5764160333730404	2.257797119229854	6.962405886163506	1.9121024831306652	2.7400921742240416	1.4645844418245308	1.445271003253995	1.3821802682031046	0.5632396609250073	1.4822147518072117	1.1228172056687251	1.8805565188676674	1.1606271588403656	2.103854501891245	0.9369820777447487	1.132570986058505	1.7934981252211262	1.3614506194880707	0.9786158633628412	2.222388320102165	2.2889127963003006	2.3200508708261216	0.9078496201457644	0.6568979139662682	3.665865532339336	0.3665441532776248	1.4518441722110567	1.1945400199419018	2.079917661587665
3.458815519555072	0.5171341393824637	2.9982316147525143	2.781009371533525	5.552054090222239	1.9298049738221859	6.662708349445235	0.0	1.849495057744763	3.904889797672833	2.020197578881177	0.46998100963648726	2.495661309596221	2.899929230890599	2.4673241671004478	4.3065208775727655	0.7648740255090909	1.2316768948940842	1.0398395740188018	3.079215703305604	0.1966578834784944	2.4852054155506473	1.6354110194524456	1.9631326163454592	1.9895740579604235	0.9377308001085598	1.2304650004151663	1.0648236745861315	0.42087295515926143	17.07877822065879	2.3257285322271906	3.4171993624468593	3.437353431128392	6.901833774582293	9.821426838744433	0.13634652076490858	0.8513922909901419	1.0887824431293036	1.1935231238489719	0.8799034207942892	1.1464549059474995	1.0738609861815198	1.0487851890222424	3.028603808961041	0.737013420748346	1.757523701758217	1.7015280098592045	8.513444998627266	1.7290839130718976	0.6419999816451026	1.2424160098303838	6.038733408832801	1.7731577080063825	3.2443839842333078	1.5837771030947605	3.0033666441018783	1.3467743425317156	1.8777552181951371	3.9573699263468844	1.0011132024393175	1.2113511408568938	2.570403700928405	6.985874582309725	1.3939546730573698	2.1534104755814827	1.8206943438664982	2.416832472619537	1.978874775366209	1.9907505236659375	1.7610834139730662	1.9512316219297974	3.211051615303939	4.123448960894008	1.3540892785201044	3.3746649674620945	3.203395012033387	0.4435159847880336	1.1459406388191058	5.048637332149355	3.8489465433694683	1.5150237824193442	3.8881430814786335	1.2007102354848873	29.892703450476834	1.9464534995048641	0.582561901887645	3.7460328434796293	2.096332803311048	17.740187342163694	2.8948458690501537	1.6440673399201708	2.4438328832018668	2.320842955822402	4.990590522588107	3.233286359060972	12.973247794262742	6.94475955808827	10.465232286697256	0.8720159220989505	4.792579182782655	0.4835126761680612	0.34732748573259936	4.155109119002859	2.5426292378209707	5.1786152211393395	2.5996015452564905	6.906846603024793	0.6053981910405073	0.5554789986258856	0.642578117275537	2.7236086480380073	0.693110575913432	4.7377810560162095	1.1519761590515303	0.4969650701510411	0.6836942896811675	2.345919571130123	1.4412777919426643	2.5576280447497455	0.38616411376066323	6.140654703830538	2.5609155303909894	2.8925452021805333	9.117812993857635	2.52598991834995	3.4598765386614665	1.8634274444507104	1.5123613386715606	1.7423398261336003	0.3645749264484064	0.8914727361039533	1.8155177741216093	1.1444146070349548	2.153599966381531	1.666920327366486	1.1305517598447359	1.4921960294680872	1.7904179683832442	1.9172276877402588	1.419636168745836	2.0348460806742033	2.7505988891561604	1.275424374667633	1.2106491913888677	1.1464551627987052	5.470746871276281	0.8889424806506374	1.8059306680011245	0.39843937448647826	2.119120148190456
1.664055600626837	16.145667796194612	1.8142715800463536	2.7241834565669207	3.021346650599609	26.333618793108382	1.9898406134890563	1.849495057744763	0.0	2.559419927971015	4.494842447811898	5.431669374472778	2.7269751389239003	3.2082765678402265	3.3322098888326446	4.058650373021685	3.2710806363310145	1.9909819118222638	6.139362125174886	5.794059911514609	1.6341579279197862	2.4798755254862086	1.436518417067889	3.4863969385164926	4.664940863111668	2.2385745949742524	3.393749920508214	79.24261692113787	8.90051301740653	2.7573398654816943	3.9666891250452654	4.076068991282433	3.4147018475525357	2.0488585102025296	3.2970877433943167	4.225549500802746	40.7581438623521	1.8574866151461462	2.073511348284343	10.838201435451031	2.299546412885485	42.175247503969054	5.018170002377967	3.2183618122131756	1.5313493534361706	4.422931339162932	12.26665720645228	2.7549259162729323	3.056411567118465	5.614995862486755	4.956964453856403	2.5507100239405625	8.278848654824438	5.291219187619216	6.669138486501761	4.679347901100212	4.6951766148650504	7.499461895407641	3.8434054530918313	2.448440387861031	1.0987260348785486	1.6886416354697327	2.2116754911440735	2.187738535961775	4.778184458227007	2.629167361843704	4.457469892022412	2.0081326329107134	5.4200179219405245	3.3661367748306756	2.066843831793188	2.8712393069787936	2.1795991671941475	2.2285515782787533	4.419138170062996	1.1464215645033033	2.466101674253379	2.3821550838981658	3.5936355512755016	4.184158295648604	4.968536067541962	2.1861253984596423	3.0669116488623116	2.3886094570193634	1.1005294153412006	6.644785856425135	1.8955263218212395	1.1981271297989604	2.4135794199936664	5.772198962524403	2.3742520685931634	4.405720817917204	2.1249251396256614	3.1123616058403987	1.385322087708121	2.9326080374538215	3.6713196966667137	3.2306471798281144	12.461580677124799	2.495099259014529	3.5813033147740065	6.274507652027636	2.0241573285036707	2.7126730192718687	3.9537966677167122	2.6070984995478903	3.228750380976861	8.060981017756987	4.604199799933648	9.028771635235533	1.1898351359714923	2.261088184762924	2.2618535470111776	8.97759876469012	1.2921867353619787	4.81001274838714	3.5585664198926517	6.390761672689744	2.6396788533269206	11.344663715923389	3.2076330518102147	3.8788395439265626	3.9041242768021265	3.050826323358777	1.51624012400406	3.4515958972504475	5.123196543162736	2.3084904251273337	2.219233065061089	2.398498993882495	2.6497534024624785	5.098338155984846	2.250114212113484	4.20434730095722	3.3994156639241866	2.6499823478844506	3.983304156200831	2.0710757783586566	12.737177750151774	3.5244346645092928	6.894192986009889	2.318388775010891	2.20173706664287	3.389394779279499	2.902802518291784	3.257287271740795	2.8714611462701236	4.330274854637162	1.3608201177090877	2.610077688349467
4.227275235632097	0.9689099161152871	8.554649817957847	2.613065785428281	0.8676384592914209	2.1436705775455693	2.501867675361308	3.904889797672833	2.559419927971015	0.0	2.3142089437608564	0.7981792611420476	2.751338088786597	3.3830384958331177	2.861730420387581	3.024191914288289	0.6601699343573308	2.134009672207609	1.813288105741815	3.2960095912957557	3.407450833345022	2.606780203331595	3.070143653552772	2.6555978636015665	2.3340041007270576	2.406492989966453	0.31587549978275453	0.5387677010587469	0.9267956328314684	4.15497438864389	1.7966848423805912	4.007854237601317	2.2502042320729063	3.966575853159529	4.226481086467242	0.9656128465965275	1.0473030910183707	2.616338305816405	1.9706495561556066	0.6366638234203049	1.8739794467679751	0.37244804963759254	1.068836214538641	2.6935761096699165	1.7765688323177082	2.2966266438227843	1.613624356822613	8.852526217787346	1.7401291792045595	0.5378945224811225	1.6792458235919099	6.577713154969633	1.775563038033781	1.515756585871238	0.6670447607241777	1.749924347699405	0.6755714455720673	0.6199360685871876	2.325688008749176	1.434745393661876	2.05611757790386	6.950535351334679	7.708029739152252	1.805306986183174	1.1824502597558262	2.3072111393164585	2.62596823026665	2.361594802482719	2.2455243335671877	2.169150574697112	2.5653033407509915	4.311542560282457	2.294166781796503	1.4436447508836079	1.253240241860664	6.526804790887406	2.3466973409115477	3.1770142956880343	5.589958683790275	3.7084535467303694	2.3558279703442953	2.90144505003087	2.2533725060431644	4.840625600933981	2.590084691401507	1.2236377288706912	2.4074698434766275	12.579980262368135	3.8982445479555587	1.4748668044551563	0.9406066600474599	1.214003747118538	4.334653429080556	6.418564291357611	3.554024770204345	2.245662745470473	2.1631516859030318	3.656161539668372	0.08358680825573313	2.2749891066824515	1.2545071070790152	0.6691797947905409	1.699060315484653	2.283785505802966	4.612408687437442	2.9795134031585992	2.088221867245551	0.427355257699699	1.513402383929564	0.7103863896744227	5.6899952235265925	0.6948159938073442	49.952838782723674	1.3931114125468487	2.9518280708048894	0.42977823956623806	2.663127531324119	1.528291745590833	2.55722493429285	1.3091180744271453	9.58989680068641	1.6535872040147328	2.6897124767151883	2.794460770129134	5.891816595882141	1.5244056782657824	2.0957181954548085	1.214867604783048	2.526426026968446	1.1745568682377876	2.4463130039466234	0.8597096206700509	3.538955815266119	1.9907210321240063	2.354569695452945	0.45500094594408363	1.5525262377714346	3.094188551660691	1.7955113088353465	1.125097698372703	1.6198932254218392	2.4938417664592225	1.4472677619137457	0.23828254715842773	0.3303058171009988	3.724357351983643	0.6336723060474653	1.9464424454690419	4.794749596474604	2.2640193664747303
2.1950856556692857	4.745291985871199	1.2901850672318493	2.138293404547181	2.2923156239994875	0.9180574791295039	1.7216592458455011	2.020197578881177	4.494842447811898	2.3142089437608564	0.0	6.263981176966989	1.7008075297923297	1.829314882315274	3.9676620883997074	2.9673930731297014	8.214188499738043	2.3750703904041006	3.896140470491335	0.6914522328558372	2.3362600427789264	2.757374884005571	2.9281364275680146	3.3055783707654736	1.7370122990735255	2.364327527897898	4.5861266620446015	4.692214754510113	3.970272612115509	1.8272607488046282	3.9396829518492256	0.7873403585080538	2.180779014426347	1.3368306259203653	3.2464441386326253	22.550124782901918	5.889719708373986	4.6399367976295975	4.951689719123847	6.35391909435982	3.581758930225963	4.923555616491446	4.059883703805818	2.7088824500992668	1.723433342763976	4.485674210301395	2.548190799210844	1.7032825644987912	2.5792593454569412	2.7814048705770595	2.9136187684805943	1.1336905050180663	3.4320328568262233	3.2147195356637543	3.711436432819924	3.822749510089807	7.599770018770742	3.0474148734190836	3.221089416716716	4.80931527837957	23.323007808814097	1.1996941845542581	1.4651493633900086	1.9691518287391907	2.005568685179729	1.5790286634718769	2.0263900814591325	1.231891533273495	2.7292725449754847	1.5303442492268065	1.400312501586099	0.6963726010104226	1.7119216957936167	1.9533783348601936	2.261308721132208	1.9861277901786925	3.5702639966953393	3.266025808963875	2.380639540184002	2.8413668783995676	4.375512943760776	2.475307853600539	3.183520479921635	1.3401960805815956	2.195731111315494	3.780167133023436	1.4199854489866945	2.298942342653322	2.561637810757403	2.8473958130328842	2.3189556071086965	2.798489291643832	2.602362085772938	2.503973104552088	2.1092640856091682	2.2172748386477608	3.0829353031979267	2.7462078715797564	3.762180596408201	1.2548976246270094	7.706313575715821	2.76978002903521	1.5956449437601807	2.9882255035305745	1.814556686404654	1.5449335179431711	2.633118913421738	3.345087414081	5.074309402114493	3.6547346982011764	2.2647635769164647	2.87166610841613	1.5154978252361146	4.654752376692899	2.1876725357205062	6.984323490403113	1.5774454393923736	4.939159801240978	1.9089055998445885	4.662126173429296	1.727507583157884	3.1634365818602506	3.3628217122711526	2.95864038333842	0.9546769891950365	3.1320381893378566	3.5862747996031707	2.856396016552618	1.617074036805502	14.883970487948742	4.501240327443763	2.1511667192240846	3.471531431212455	2.4940662805123757	3.6623904865639916	3.456142329403693	1.2577378816396168	2.589548100687061	2.951636644439665	4.697516456289763	4.587053668954865	0.8715267841655068	2.148903328715304	4.432458121938888	3.4373106132361144	1.0552132525717843	3.4972921827956083	7.184982844248869	1.9328460228253763	3.174683508597645
1.0163288109709316	1.7628640228477144	0.7538494253102862	1.692350332192936	1.1009498413201229	4.181550155938335	0.09537295097935934	0.46998100963648726	5.431669374472778	0.7981792611420476	6.263981176966989	0.0	2.3356185043216	2.73399496342545	2.1831089820743586	2.4202776807449515	1.2289008402547132	1.2695478851172917	2.6525521500212936	6.4328830297206805	0.6546902300179934	1.3404449677193553	4.498208852437474	31.499402406363096	3.1273999736155544	1.0281862159214121	1.769441393584168	1.807854663755212	1.2761925454095315	1.1024607482203876	3.261093360074905	7.906648499120398	1.1902000304054783	0.7137423851162159	1.7371445873833333	2.1248759812297306	2.647936126007196	4.564334468372565	5.084910255301772	2.416375518180892	3.6858776101444914	1.9163724414515408	2.8230080919463685	2.145639993314432	0.334942648712444	3.0752504226105044	3.9378580901899674	1.423080138224551	2.0331438391700236	0.3010082547684909	2.8550618210296594	1.941023637622804	12.614004755017431	2.687749122555927	1.710380185106599	2.1682443440372086	3.458056467978791	1.6748640446131364	2.1103915241441986	2.512126878870744	6.005703622847219	0.8648269169228888	0.8172635632721306	0.9346935417469335	1.3187145906495044	4.783118101709052	7.399558684123879	1.3818068587814805	9.138017089607878	2.5240484006320223	1.2779740293450623	3.994109853929514	0.6025704917232518	1.254953631114419	1.469832804277083	1.1244786387470014	1.5078611494619192	1.3569514292632356	2.270822954705503	3.5821094817295296	3.6834714543816918	1.3499684449929379	1.8022793182768306	1.0544766356143755	1.8226352183405266	1.5738258025366114	0.43311466467148124	1.4043834419284285	0.961414186506908	2.4163046881476413	1.1777174128109267	1.4839344349126737	1.0950878086725275	1.4320893779983106	1.225666198646351	1.0032215749214446	1.7441197626403608	1.7244690545607058	1.0435767834163723	1.012720239604717	4.183754787306412	0.11737666526704325	0.330177037970878	1.6850299494304413	2.957199554661579	2.1921422740051555	1.5486664719324184	0.6229443444059772	3.6778437594911537	0.26011457955383616	2.2275481092849243	0.4216600905322672	0.9234976772562405	2.395912595485692	0.8164073629341811	3.1586227013251045	5.2853742215180946	9.764784289017628	1.9163235223311847	2.2359325159592953	2.1673287855280914	2.3247294865305523	3.575787501747151	1.3896096650495147	1.23275131471215	1.2861766607756122	9.252616379585207	1.2272233255397982	3.3347091029287514	1.922685683800893	3.19183165031003	1.235037031913946	1.9007729877551331	2.424963722063539	2.959554883730025	1.182559969460289	1.4884810154369699	3.282966974977592	7.342151713197207	2.497900858578246	2.878410008886418	1.5812012014324883	0.6417305002654401	1.6998893225683909	1.0800495383631112	2.146562566026184	0.6887697766915118	4.880808721054256	0.5851975154210624	1.5718015358835264
2.919027164575445	2.211430618081159	1.8576752639071268	3.291447467378589	1.8026009046447513	1.3796357365938028	1.8853524730719307	2.495661309596221	2.7269751389239003	2.751338088786597	1.7008075297923297	2.3356185043216	0.0	1.5015452493143961	5.77795439379397	2.276594087780427	1.5439483547985566	2.249356392752322	2.371374436341637	1.7728030190998552	5.8558209520887665	5.144524049598968	4.2484493911316505	2.5399017206224217	1.6146741136351201	2.355860704922339	4.465513121665955	1.15954958732215	2.0868408214768013	1.3448902547042996	3.4548258922523662	2.1153864888887988	1.6280904076956992	1.2768360350523842	3.4887135677583236	2.528400468344219	2.4357439028578995	4.889797933524426	2.860243345361883	1.5096048992658748	2.897732348518108	1.3962317719269477	2.0211065033780145	5.611169567890521	6.917376316149906	3.6049932676479686	0.9913594644832169	1.0409352454357514	2.6931270969116503	1.509142080958147	1.8346762865781163	1.5828248494045714	0.9977721870949907	1.6293616197786207	2.0614926415283557	2.958495985881455	2.029074001460718	1.2424768094073388	3.249181565240208	2.02499273778339	3.1161709607454187	2.1996411072680524	1.4117848566480755	6.133799789768977	0.8618119738471579	2.3339631248063575	1.3781848906295606	2.162342269148062	1.4725775963295147	1.6540327712382208	3.869036292161981	3.459972133211598	1.7259881024956745	7.755602784728289	1.0753070145700336	3.183842995977545	4.780436381033006	5.725487682696537	1.6262952656113299	1.5821414176115784	2.9717452372792583	2.768829324738028	2.7185101351017593	1.0610963286386654	2.2814734767385523	2.218656633849284	1.4486111901430385	4.763473194627042	2.9847452914656905	1.2029333558302435	7.934036589883108	1.728235575489414	3.159492447352398	2.5974898089122354	2.690263220564905	1.9473926324482969	2.654516745370418	2.6697612920150466	1.448348118694301	0.8082564804002673	3.979859559521534	1.4157313943391139	1.5767017383666995	6.933809978642238	0.624336552646119	0.45295195135522515	2.2738243757939096	1.6174481622880235	3.2844280090163336	1.7359935857727746	3.778258746990938	11.031842095110525	1.5697509865022667	2.4307959430891817	8.036498472162021	2.8407621846742668	1.8857161151040427	1.1958520170822737	2.812040899842304	2.1654804980295435	0.7126441148901755	2.613116079941882	4.733385253608104	2.999077778662284	2.9067155903416277	2.9581856456293543	1.36625919152018	10.365336860365032	3.553629368234138	2.690760303241909	4.811444529868586	0.8599514354136728	5.117858785714256	1.57896438504979	2.695322300204328	14.914650365103432	1.0076991184227329	2.872701409972184	0.7845790919857843	1.004112380957522	2.877514361498041	1.2166379698500107	2.05305781136637	5.587263216184764	6.211803388212617	1.0003154202025468	4.9079126363470476	1.1116364148286453	4.33734776568354	8.575365596427334
