28.55 -73.31
8.06 -72.24
52.38 -71.54
17.38 6.0
11.39 -25.35
55.02 -31.51
44.05 7.43
47.48 -55.45
70.43 3.57
28.47 16.03
46.56 -48.7
23.22 -30.63
40.48 -2.89
41.44 -12.54
11.54 64.11
9.07 13.04
11.12 45.54
43.16 -7.82
37.58 66.33
61.03 -1.85
38.05 62.53
0.37 34.14
44.36 21.32
45.11 27.13
29.38 29.21
27.2 10.53
-18.0 -5.5
-18.64 19.09
1.06 39.43
9.4 -43.26
-17.72 2.61
38.51 -43.35
14.46 34.99
26.39 -10.0
-10.77 -2.18
-3.69 -46.43
-19.7 -1.15
22.18 -11.47
24.19 19.98
-14.59 -30.35
20.33 11.87
-24.92 39.13
-1.71 -1.63
-12.78 -38.31
30.31 -46.93
0.0 49.3
9.51 13.1
9.07 -21.97
4.27 -20.76
-10.73 35.27
4.2 -8.56
25.45 20.47
2.52 46.31
-18.78 -15.65
-34.77 50.27
-31.16 44.17
-35.18 -3.82
-29.96 -10.84
-33.54 4.25
7.3 -22.88
18.77 20.22
23.43 43.04
11.19 62.25
5.83 40.49
-10.99 0.2
26.97 54.4
3.9 -6.89
9.52 1.17
7.52 65.14
12.56 -13.53
2.6 35.28
17.51 49.13
-13.25 64.17
-17.09 -19.64
-35.5 69.03
15.53 77.0
-16.49 56.52
-26.58 23.35
-29.57 -32.42
-54.15 0.7
-13.59 33.31
-26.34 -4.94
-22.38 35.1
-13.45 -11.45
2.55 0.1
-39.15 -28.0
-16.12 2.07
-0.55 -3.44
-36.0 63.55
-51.58 67.4
-49.55 60.22
-35.21 96.4
-9.55 61.31
-30.16 42.17
3.9 66.3
-15.38 41.27



0.0	1.3038226729733262	1.2529165122033825	3.520278894115465	2.0629612383455163	1.9239367569496038	3.0398974325538624	0.9458835839281131	2.826347789488115	2.607113391079723	1.0264544418226498	1.170412489848408	1.7868018129306853	1.5850625540974752	3.408806773553992	1.8932118812586403	2.168774921747561	1.158439387564312	2.427924110713137	1.3864148807000924	2.4040632428541655	1.831801061957005	1.7244552198899559	1.9041742369619301	2.1123982985786443	1.355857642800685	1.325362251905993	1.5607429842629423	13.65424013563933	5.8879758309342245	12.637023596356222	3.7053294684545226	5.3562804489240525	4.097037413851522	5.5005748056618184	3.7533320661885132	7.277145022568626	4.056010758832027	4.35577218200362	2.5995627886824715	3.4303885404638046	4.8134918368998845	2.884276459471931	2.4480694298670906	1.040470734911102	3.969707270589185	2.421752546058224	1.429236315128812	2.0814663112694	3.6446474575921584	2.094370875403902	2.787393178740807	3.3692206192044565	1.7379967661944826	3.901790066623105	3.0799446048779138	2.2027364073232247	1.9481329760326456	1.99529912873715	1.0840153816601674	1.6957131341995042	2.0896828320093266	2.3815507377028773	1.8768019820590887	1.1984422628911222	1.952764656666633	1.0775624412464537	1.1660755346718372	3.2479429096724846	1.3097255946826973	1.963646741575339	2.115441113363329	2.4157158011103443	1.1325395721039362	2.4741297072890753	2.3004532917707263	2.0478564101158403	1.6216778666514813	2.0284910166434447	2.0995521189639246	2.168672571422044	1.6032787855305626	2.1339205073840715	1.1960176836331973	1.1955851214926627	1.2438674206413602	1.3292108467070867	1.0871721192413308	2.173316476033419	2.3646658184122757	2.4342666621090294	2.3650287244347803	1.793865742116857	1.677098012433496	1.6157601906363632	1.5181966589993547
1.3038226729733262	0.0	9.825306322296463	9.892518221957078	4.936991729641329	5.88077712138006	7.144425146781101	3.4879651244540644	5.934371370712939	4.504560218614003	2.1222295077104367	1.9171851955273658	2.8659183463373528	2.583006403472841	4.752121366913965	2.4019374592473963	2.624958038376641	1.5437682248958826	2.976817524568072	1.8972793443699643	2.8801044189895304	2.008770425272747	2.0386435066210105	2.22007789793927	2.4090763351844995	1.5366182070657382	1.2565329753486003	1.568275279949919	11.18283073908676	2.1009423498191544	5.340098767227873	2.5361502362840467	6.3727621181999545	3.7587838080500604	3.8523548439105744	1.5054683447014323	3.8408124621040773	2.785973224101879	3.6751181516302824	1.851340024460719	3.1142419004015687	4.238120332748523	2.545738076286269	1.8877052770851024	1.4818192308753868	4.274440972483195	2.6007329019425423	1.4687281729218193	1.8066896157273609	3.4836658701952694	1.8071958619348667	2.7602481162398353	3.2826040543608364	1.5205643255145032	3.4996165419377316	2.7726092896491994	1.8259761017358682	1.6565044644814744	1.7295317618477906	1.0077712755161203	1.7120396483053957	2.1492088396974642	2.4430948514225235	1.8976380519904283	1.138086068861887	2.020693821285252	1.020073576784301	1.1392947549277261	2.9693371526583823	1.1584894885736468	1.8558943757375943	2.050351216959983	2.251528465483883	0.8975717610690429	2.2766156847836427	2.2478669234012356	1.9044974221017719	1.4178709985333118	1.2250786387811312	1.468623111626768	1.8374469847363024	1.2626068285780718	1.7902164776153284	0.9697980944552188	1.053582957681437	0.9330315962683533	1.1077921573740506	0.9421096247823114	1.9146700621679391	2.056612069551132	2.060282742844582	2.235162275479969	1.7268592425426181	1.588507346161223	1.5918242415250463	1.4933408598349471
1.2529165122033825	9.825306322296463	0.0	9.894133903468	6.679599811065248	3.9472790383385488	6.5702925341297025	1.460650678501229	4.7113664579848695	4.54040460301344	0.9842858112304895	2.162706012428737	2.5839988778334253	2.2159927736152953	4.777822216879857	2.5976063482780978	2.692949189434862	1.3210881478650667	2.832720724362258	1.4707416167875176	2.7090252130987262	2.1324697595235644	1.801440185041391	1.9594759028572584	2.252928519770173	1.4881173278823052	1.6139213882341876	1.8211035106412847	8.51835364131419	2.8591868393211355	5.34226182411098	1.5029444698616607	5.412292119192553	3.0731306344404348	4.01878383507742	2.639144165285955	4.143056935250902	2.499976295535435	3.1991402646395533	2.613265825575707	2.824274960113259	4.260516754500916	2.7431922683475856	2.894943815450812	1.2405936886455553	4.099034820692471	2.6172902954852666	1.753521439484352	2.1355006281830864	3.510887173487343	2.005310948947506	2.506935427475207	3.1906002295843727	2.0181052690444425	3.632833970936303	2.949842963755123	2.286914644154563	2.1565945985866013	2.1120656573421015	1.2615481889292053	1.685345428263521	2.050346320161919	2.394898070429645	1.9332718664207804	1.3911776256303425	1.9248890566423815	1.1943562276180064	1.242592372260353	2.8484777970694473	1.2775188915933362	1.902564848706476	1.9838613621810737	2.307572069170814	1.2556866695415232	2.4051480484534267	2.176134292946897	1.9977315872311345	1.628008682943729	1.844855865764174	1.847766522642856	1.9652101402794186	1.6058182812762478	1.9514657347059141	1.2603542203928253	1.1945212169771147	1.3780886585105216	1.3439376784286376	1.1085397460161142	2.047142700792198	2.2200380672901256	2.2350739078469175	2.316934197113033	1.7946377514002825	1.7700216907202675	1.6129535052539532	1.631247561018239
3.520278894115465	9.892518221957078	9.894133903468	0.0	15.10879145592816	17.5292756295569	6.144502771625591	14.171848392615233	6.185644802626503	1.230913825425955	3.8847895892916875	2.446227141245365	1.3155663855088098	1.6232761797803934	2.7624227730080486	0.38829812081412945	1.066369650954883	0.7279794983141594	1.5759645109955698	1.1321560557845747	1.4613766896704907	0.7039463280524408	0.7151196526781961	0.8245535370561878	0.6917017311298886	0.21952615333727854	0.7208954010727417	0.6984335345100762	2.4281286788800114	2.580145973557421	1.7675861083292026	2.5339259649764467	1.8520250505765699	0.9669544197762857	1.3838721824886586	2.486135174000108	1.5969090113284332	0.715516422501775	0.5870157361010294	1.8733771976775033	0.2414146461322011	1.9976139164917952	0.7572527611903441	2.6411449561612006	2.633916460267333	1.8424797124849726	0.3657075697803157	0.9708570503349166	1.0831640858038212	1.3808820538505946	0.5715540576233951	0.5109789040218782	1.2673946294736131	1.1137418876585747	1.920611449325149	1.455488949471559	1.2596491259097466	1.2308171117116464	1.067465064654673	0.6734727767695979	0.28111706522367874	0.7457489516311008	1.1113356492218205	0.6598090245921635	0.4765085167303867	0.8339392380970404	0.3098158061397243	0.15252518364652642	1.32885001477066	0.40467115058892145	0.5914937392236193	0.7588977683719612	1.1140027209547068	0.6817202882568729	1.3153223756301249	1.1168743448622716	0.9173900796041399	0.6770404187342856	1.2902002193241733	1.0445834223376629	0.7070504881790556	0.7602858195763434	0.7920430769086506	0.5438821068768391	0.23706177635862846	0.9720277408649296	0.4857845169723264	0.28101831979439723	1.0673300679697235	1.2640856829475446	1.2300903254049982	1.394825360234982	0.8255951478472722	0.8312523818404242	0.7430757964465879	0.6623491680273252
2.0629612383455163	4.936991729641329	6.679599811065248	15.10879145592816	0.0	41.96448665943102	16.194872193083793	16.637910247598786	9.112651876583096	4.134579353673731	2.535061130445305	0.9247608993600485	2.072693688111765	1.8309855244988267	4.368671748807486	1.4025356991610043	1.9180450461620804	0.9164646783435118	2.3919090407451336	1.4211326798797568	2.2421109837910866	1.2970261235483047	1.3113253297012162	1.4637934038406746	1.5032345254772703	0.7944348853949338	0.682899466103882	0.9744551685447869	3.77116417310139	0.841269127183074	1.8306409176899914	1.3971906097653637	3.4569186473784503	1.0215163943243888	1.38002961582695	1.043601077649847	1.5299333293785022	0.6419030802352399	1.6587776589519239	0.957222021909333	1.3211370755507292	2.587770768781428	0.9411816981631438	1.2457704976989277	1.29394978156262	2.8491674868468033	1.2853870210305847	0.13263201022205906	0.290966116827233	2.0944583519136373	0.5081893547611593	1.4153859596796385	2.050196417919567	0.8151717870376517	2.388534563456732	1.861534843566683	1.1711666887858365	1.0436805898974348	1.1001714069648276	0.10306235865586892	0.8919981909673466	1.356601109427805	1.6951849124380793	1.1836151405224804	0.5549378362571439	1.35696879019627	0.3267163418620237	0.43392947777964974	1.9430045906547704	0.23200081455292815	1.0820929159721844	1.2885031825831066	1.5416042794474616	0.45169312907734294	1.6533707335829504	1.584207261435469	1.282253520111849	0.8686773136351025	0.848313550930664	0.9973667402518114	1.0621919184881219	0.705056134993056	1.0845149432632764	0.427767666975506	0.392197547294344	0.7308928026156737	0.5479655199702764	0.33959993075164835	1.343154741483702	1.50379249195366	1.4660296895405807	1.714844760681844	1.1823808596276772	1.0921639547236752	1.0958897056204449	0.9817914160378112
1.9239367569496038	5.88077712138006	3.9472790383385488	17.5292756295569	41.96448665943102	0.0	20.850966018442524	13.911465662320628	6.138966032814209	5.52829942949256	1.1642401732148215	2.434629218261696	1.9106907109844529	1.3743435157557706	5.338624525764559	2.4041014591719043	2.4519600454975827	0.682885743125937	2.5422019206101414	0.7991063399728183	2.3716028593377523	1.8552239225664406	1.2510125335845959	1.4097212089331301	1.741663782267344	1.032727913218351	1.5052279355986011	1.6387964333339344	4.856626881795408	2.105706202727945	3.497345605862966	0.8401003196981702	4.35026600554389	1.6516574178160652	3.0089253536804614	2.3606605304432495	3.0362357745775443	1.3681127357073521	2.073938486956366	2.478623551109971	1.8898674758904377	3.682939787219028	2.202068528692364	3.0403959160923004	1.2993116368722035	3.683986811459625	2.134654207037292	1.5260043831210945	1.7637113277797944	3.0247383009994753	1.5397607370173945	1.7566675190458891	2.657475831223166	1.945088497662672	3.2566500357675063	2.6122382404495315	2.1479208119784525	2.0827694179500935	1.9527391478472755	1.0489048526518059	1.2237886634350073	1.5871122578058445	2.0117514244685384	1.5693480697737099	1.2041511624281966	1.5156113795644273	0.9339576926107238	0.9176307500946841	2.2999823473267096	0.8971339864814406	1.4998017779265194	1.5336014154570188	1.9508110785691093	1.1352753788855983	2.122255913441765	1.7876743889574938	1.6819708242640181	1.3819748781220373	1.7054742255408017	1.5940387744820386	1.5648490417360335	1.401024094871196	1.591843325290375	1.069963208129043	0.8902455215631431	1.3585627606993786	1.1072064219447746	0.8460121815181618	1.7506326463702253	1.9453299918571259	1.9332216296355202	2.061373067745461	1.5029059985600057	1.55691603291097	1.319028275637777	1.3920184538907903
3.0398974325538624	7.144425146781101	6.5702925341297025	6.144502771625591	16.194872193083793	20.850966018442524	0.0	37.504817316704155	6.1093618011464415	2.2311923836472487	3.7093439287660956	3.8901371688612496	0.7338855038339009	1.3395249135839167	3.6823849217777664	1.4349002914790547	1.4711649243165088	0.4143927044071949	1.5941532454888023	0.5383267017817247	1.442473433942309	1.1578847528237959	0.3359606614639109	0.4867787199584875	0.7243987910175069	0.36420341458203725	1.2721104823757732	1.208004061863595	2.761318304079987	2.624942167040849	2.59261294370182	2.044462989989852	2.2898548099257447	1.1314648177901383	2.29395574883848	2.7388119135161224	2.369950509094277	1.0146545538378575	0.8138862552338167	2.5068005673583844	0.8303851774075844	2.6591866642199222	1.6302402877365818	3.3051103661594876	2.574716715311652	2.380393263926689	1.2221240749628328	1.5516056878448323	1.6895665113656575	2.0348579888283234	1.2062847172516558	0.6829188912560558	1.6531342065866397	1.7793085625894542	2.454960724299	1.9462528470520226	1.8597351636248853	1.8635645957584468	1.6239305544911664	1.0597569413198842	0.5630826680869021	0.8285310694860893	1.2777168350762027	0.9341634968277533	0.9378539779626757	0.8592280579780983	0.7184862202543902	0.5884991784706792	1.4825257605334612	0.7472110759621655	0.8997878172924345	0.8690210236310306	1.3625885137230898	1.0551776537092186	1.6059899866359257	1.1861732217910408	1.1757435000326235	1.032332716614783	1.6868416298721653	1.374372614710384	1.0582812683939988	1.1833323085345748	1.1323602641027983	0.919779760115149	0.6208440316232373	1.3211840709234546	0.8604102324465884	0.6318091786264104	1.3149548728603664	1.5259366044015785	1.5063510744069222	1.5951452378087834	1.0286926943781398	1.1560952245663436	0.8666750818921344	0.9616362658007905
0.9458835839281131	3.4879651244540644	1.460650678501229	14.171848392615233	16.637910247598786	13.911465662320628	37.504817316704155	0.0	12.613927609842174	8.663408313663249	0.40532178223824944	2.9305619521172876	3.400701841012323	2.7178331503429316	6.6437267471142505	3.053426269194102	3.044079477124045	1.2626476759319143	3.195303211537567	1.4940780421413067	2.984074016790099	2.2229284725680176	1.795394140864122	1.9656892969681827	2.2906134697584344	1.4252647111806573	1.6050582824964212	1.838287269858607	5.243006694401386	1.6547533068632845	3.527549865043351	0.580791645468547	5.020859689281299	2.156865022697815	3.092582832228312	1.899109060130723	3.0577658975630695	1.7067977988555967	2.603363460551508	2.2805913562357953	2.370955185771701	3.9535445319927396	2.412779665261289	2.6517970659840038	0.8187576794164181	4.22672497417705	2.5854437699878257	1.6381592581360587	1.818266104894374	3.3832774724257253	1.713978297815239	2.2635329711371783	3.0827396803959903	1.9673285011345523	3.5064631372360937	2.840468267229922	2.180069051984792	2.098660140136433	2.0332559728669284	1.1097764878564713	1.5574273302959443	1.9760856801750712	2.3851267114952117	1.8778416985263047	1.3296014659735242	1.869609913200586	1.0705748102608812	1.1129326484729805	2.6616530208003386	1.0434458443018864	1.770409294174575	1.8578912022078287	2.2043220274557997	1.1351019649022882	2.325740732127297	2.0943790347030853	1.897364047182979	1.5058513383986292	1.5752823586147675	1.5915846191189587	1.7564406761003337	1.441586340351468	1.7545180066984076	1.1138718703421817	1.0271667716203166	1.295946629893765	1.1930042116438286	0.9523828399066385	1.9122333057059115	2.0864458641897285	2.0688894179692974	2.264339058723201	1.7207125668667789	1.7209633826155695	1.542666537551673	1.5881239737165072
2.826347789488115	5.934371370712939	4.7113664579848695	6.185644802626503	9.112651876583096	6.138966032814209	6.1093618011464415	12.613927609842174	0.0	12.115104146290681	4.078840302620028	8.51566654200508	2.8925860507122407	3.0329957126417164	6.100245114987964	2.9929953241543705	2.3996639896464202	0.8985877440250774	2.128641935856302	0.3386765465949236	1.929097797984651	1.8708172868358444	0.8211028942147801	0.913926933899413	1.4312040303230336	0.997438517056023	1.8891848925622146	1.8179543353451653	3.3890445623091323	2.855980187722237	3.2290120115007315	2.0129434629441665	3.3526934615727213	1.9002047513238505	3.051570799578702	3.0644056815046645	3.0120747269355626	1.6342604366498028	1.611222859775722	3.152678578745205	1.687054784573947	3.462407441498431	2.4706784877641277	4.010686452613481	2.8973322510409023	3.35847878094483	2.243732402394268	2.3726206971633	2.3984929076988752	2.8890111769567604	1.875868100361535	1.447494935032922	2.359926049311741	2.505365158088443	3.1523741787899917	2.5709893799201127	2.4866336450286872	2.5370276001682144	2.2202690831531418	1.5757165445253714	1.114038465297175	1.2804736938677066	1.7349478337202573	1.4312420624724609	1.4407748609988293	1.192793073109833	1.174475363366624	1.057195340744186	1.9153089222000534	1.1963076109110524	1.376042861267907	1.2517648210007801	1.775445412032732	1.4477831441075162	2.0223547576240652	1.4783730822447718	1.5634677634602838	1.429512807638987	2.0740031069318055	1.6943961431586323	1.4888669149557683	1.6094138610312378	1.5380171941724015	1.3055025427029254	1.010934972799342	1.681318062541266	1.240550696331142	0.9907459090745706	1.6524929865745983	1.8687216114571057	1.8568114955488646	1.9209303379716516	1.3688795430546565	1.5674186963692143	1.1415456075557056	1.3689877144419416
2.607113391079723	4.504560218614003	4.54040460301344	1.230913825425955	4.134579353673731	5.52829942949256	2.2311923836472487	8.663408313663249	12.115104146290681	0.0	4.768713407649848	14.018994980069046	3.1652460378815386	4.073601248552552	4.711481284601505	1.1172006399017156	1.265785443710274	0.9453707792988173	1.698327776310344	1.2876554817521	1.4832766543308487	0.8761402500472364	0.46385950398289044	0.5590648369656325	0.41263388153407143	0.1363975926302455	1.1415828061167264	0.9985226071197449	1.3771229475753024	2.07746689621324	1.5902138455557784	1.9428469594530469	1.1278786619477403	0.9859166559170893	1.4947109949224078	2.2121137527842243	1.5742764652319985	0.8506716685731355	0.1816382735395859	2.0833623972276656	0.29205823401387104	1.9104861493273542	1.1583460363315805	2.769324669017572	2.7173074185978665	1.7493673039902018	0.7128070336258253	1.5691001588091216	1.4581009708937738	1.4318878112299263	0.9483949782430678	0.16045753279212824	1.1737751997983275	1.5933148913115527	1.955613736768543	1.5549214562461642	1.5714879483317132	1.630347151361989	1.3662734711141657	1.045165481750619	0.2221646171610052	0.5889375165304088	1.0592655242478808	0.6617989302796183	0.7807102289220497	0.7054327327260895	0.6021321849328107	0.429016767783478	1.1588561850735546	0.665177221754592	0.6009148280698703	0.633732633296446	1.107748910782707	0.9336730785430971	1.3663136134032188	1.0219298230116576	0.9422721271204607	0.8092057080833492	1.4340339675755163	1.1174352944603723	0.756247898333065	0.9706283594432938	0.8485865561825392	0.7717450605793889	0.4554290895004075	1.1969379290623252	0.6721068420952139	0.48855391678169746	1.0871515716338838	1.2934640811493274	1.2514582385839599	1.4231477645032398	0.8371697495195481	0.9575992465627499	0.713755939644664	0.7629481641166661
1.0264544418226498	2.1222295077104367	0.9842858112304895	3.8847895892916875	2.535061130445305	1.1642401732148215	3.7093439287660956	0.40532178223824944	4.078840302620028	4.768713407649848	0.0	2.154269397166654	3.1377605388854684	2.8196463148705875	9.320901597107326	4.117701643850844	3.9165759165462273	1.453504642275041	4.131527634168812	1.8222935332969117	4.090651248576373	2.964028841958541	2.5052732112704477	2.8547622936975583	3.638941407066174	1.8308555969221878	2.1660645466189146	2.386312603618926	4.6456247930503105	1.5654630076854688	3.4862659617765273	0.41269892745408726	8.695209679217779	2.606552359413516	3.882020773911253	2.1924563472253777	3.4974904308052626	1.9572153089789783	3.6642537602855345	3.6554220697869715	3.653706967997243	6.661467430211808	4.078274743707429	4.908865434089063	1.6683581116825508	9.883346630543825	5.3273058635594515	3.218062704001637	3.0869053908003052	6.195004094452468	2.606517347205239	3.733367357343842	5.244947047507767	3.2530477880893858	5.648110928466997	4.251416232466888	3.2711555304636484	3.2920688444430684	2.9259606440972323	1.576565041998679	2.112624015607124	2.7376634263668773	3.3248516375940365	2.501852621881929	1.6826599303904664	2.426935711659084	1.3476656949569046	1.3923719067752103	3.759140187618851	1.3421335718458045	2.3432411656980383	2.4397106621763904	2.8907341580422163	1.4431303075032835	3.0141324157903835	2.683207978210447	2.395527897800185	1.8592752545590174	1.9655297271311842	1.8019860656450453	2.2090202989194085	1.8318744132301206	2.1741141876661345	1.379893464374916	1.2364129806008326	1.6407654862460048	1.448216821285225	1.1281129922212987	2.3282036009460425	2.5494301775259474	2.522840053682433	2.796763563101988	2.1010021959807172	2.1256884187742746	1.8236394291379303	1.9240977477720802
1.170412489848408	1.9171851955273658	2.162706012428737	2.446227141245365	0.9247608993600485	2.434629218261696	3.8901371688612496	2.9305619521172876	8.51566654200508	14.018994980069046	2.154269397166654	0.0	8.714614422050792	5.7560650250551815	12.4306384902203	3.2132901665295326	3.250842230341987	1.151913810508903	3.657956059108312	1.860397302801067	3.2695153754174684	1.9577931214307291	1.6845453238908599	1.8635786951689723	2.0317817502409676	1.0763103203955462	1.1464299070401702	1.4657024933266802	2.580032412686558	0.5820854869970951	1.6319034310918146	0.6045555038893703	3.026615928378036	0.7500559899662054	1.463521283785233	0.9340358326103035	1.5284362218925418	0.5571784901864218	1.5468894320985944	1.2278935253388625	1.3494744626139084	2.7705833854965025	1.2664781574062722	1.4607839317333862	0.7625558795510837	3.425740496932926	1.7894809830515281	0.6466266295587	0.7095352999902789	2.4740434625621903	0.8088532700238086	1.5576421557813829	2.4092357472953116	1.305027556158164	2.75675484486417	2.237678009922751	1.5540697087864355	1.4911720617700228	1.491148215024372	0.4369820868235626	1.119645253884081	1.6521356016810096	2.1112002518450574	1.5249109795763953	0.8898941693499729	1.6346541592198727	0.5720483006111163	0.6430771356468459	2.146623683118886	0.40705275041005523	1.3278618235674804	1.4988750080360345	1.8171695961629935	0.691154625045607	1.9569150106302875	1.826126911512111	1.5343386413459448	1.0955304148002472	0.9944515167696938	1.1025583336560563	1.2432470274486267	0.9377590974205949	1.265686189464877	0.6503754233964382	0.5664002087770074	0.9456364183961017	0.7495897810938458	0.5153614806673212	1.5368798886253605	1.7043850589590201	1.6447983129565238	1.9968415015144458	1.4273967301879946	1.3975356150104379	1.30163147585815	1.2839719171104327
1.7868018129306853	2.8659183463373528	2.5839988778334253	1.3155663855088098	2.072693688111765	1.9106907109844529	0.7338855038339009	3.400701841012323	2.8925860507122407	3.1652460378815386	3.1377605388854684	8.714614422050792	0.0	4.685284610274442	14.737703532004238	3.241411262024839	2.8098459728692995	0.24717290093335892	2.9776797373539687	0.9350119616535295	2.5537239293434997	1.7064499671411149	0.8000012375720796	0.987075348587152	1.2307283885049107	0.5317712010457247	1.4815564195087996	1.5214199248125424	1.8300479973828518	1.4487895346488886	1.6598047090917152	1.1359143733475934	1.9199399797251695	0.5236666276661595	1.573416699909055	1.725269078392072	1.6476699984359198	0.5518024630580746	0.8178394820719682	1.912277803926026	0.7617456059684048	2.4523398895603297	1.3543055288180634	2.3854592123184486	1.8429541712716864	2.6907216760993373	1.3859454499600699	1.4758899913687775	1.3033494896415172	2.1047321944861133	1.00699960498661	0.8399437193028193	1.8841214169051643	1.8205999362504874	2.5409266472141594	2.092950271935461	1.8466368185482471	1.8995153314156372	1.700183957709455	0.988930400785096	0.7195077674005759	1.1405931450197504	1.6801056160511625	1.2076864302282064	1.048271013245872	1.177471914682605	0.714282019662026	0.6020376852462042	1.6775544061908105	0.6071329162422767	1.0572159506245766	1.0897918883861553	1.5682955162259513	1.0086851867970916	1.8071657645634374	1.4529231498246395	1.3480076326978079	1.0923223020390607	1.3995486464267362	1.2304071001925123	1.0987874330610607	1.1286910819034541	1.1647747676225262	0.8687355264377161	0.5899774392580074	1.2818791099856677	0.8415629080791636	0.5936220629390521	1.4142284440422441	1.6152254720160277	1.5595708711126821	1.8267429331781324	1.2253396428773558	1.3431390230231985	1.0622773533780843	1.1692211627164395
1.5850625540974752	2.583006403472841	2.2159927736152953	1.6232761797803934	1.8309855244988267	1.3743435157557706	1.3395249135839167	2.7178331503429316	3.0329957126417164	4.073601248552552	2.8196463148705875	5.7560650250551815	4.685284610274442	0.0	25.232019972316472	4.180563215041507	3.383016956309306	0.22869724004585895	3.5246468082735984	1.054934950592166	3.080610510277377	2.0290926172758716	1.1712890356773416	1.3730560352625223	1.690169199269591	0.7966561416226229	1.5809374459627912	1.698815268597462	2.139935915929852	1.2976902558006667	1.7863868969084178	0.896436088794755	2.432726820754776	0.5307490496219993	1.707415502812133	1.6277004433041893	1.7656102649036682	0.5485226868701676	1.1278866445402682	1.9329211667415822	1.0418229539349753	2.817046126095408	1.5195882630812552	2.387471215641355	1.589910246308926	3.3020719794174265	1.774166957011371	1.4766796936408577	1.3090566000731776	2.4960711297231013	1.0863489795161358	1.1811387670935818	2.2810132027556933	1.930658162205881	2.8850595878143643	2.3690541487986763	1.9820055820634859	2.0260346295069525	1.8433983350610275	0.9600859006710116	0.9466802893254953	1.4253864217913141	1.9873894748895011	1.4481484524974597	1.1353243059788638	1.4226426552904101	0.7647336373168125	0.6949743347018623	1.9710655892680797	0.612912734997194	1.2616821522822488	1.3191412705105632	1.7859040855545947	1.0272906081692337	2.007186520629201	1.675996122854745	1.5264049247295326	1.2038066370286822	1.405361775494745	1.2846305335796198	1.2531125852252905	1.1931772335024913	1.305646933353803	0.9030839542495266	0.6549745608484027	1.3009265252111382	0.907353983542736	0.6405711305478264	1.5604951156148785	1.761171103520565	1.702494066434534	2.006164937960701	1.3904264460019378	1.48743060470186	1.2146006250563997	1.319958733978308
3.408806773553992	4.752121366913965	4.777822216879857	2.7624227730080486	4.368671748807486	5.338624525764559	3.6823849217777664	6.6437267471142505	6.100245114987964	4.711481284601505	9.320901597107326	12.4306384902203	14.737703532004238	25.232019972316472	0.0	7.361112470979958	1.126339719304597	4.109506165812416	1.3439094084360275	4.527451837556435	1.2530022670039394	1.1671946920138738	2.0925008399911276	1.933565950694992	1.7296480664561749	1.814100311126393	2.184026368878167	1.4765618494072186	0.8345637731053972	3.0357900225921997	1.933140960790028	3.13089742751163	1.2853537754033446	2.589961550312648	2.217827515707416	3.1636753957724366	2.024541690134263	2.1580570624324906	1.4225269306501114	3.281775461722603	1.7506259614201078	1.5216205405198449	2.3644909694126794	4.224801408447052	5.078767856962533	0.89000158913082	2.4275022020151407	4.188524893929212	3.0353463216746333	1.3539883419159293	2.2119403077217497	1.5548806381780509	0.6863088852417174	2.9627251426707075	1.4854866281476131	1.2820788304364414	2.241685924034821	2.6048142194720287	1.9135139069634406	2.5314627058217885	1.1338528964549899	0.6353222233143018	0.05035225966048997	0.5923419660547332	1.5299328143218813	0.4047805580638598	1.5332871771135699	1.3420626752290288	0.10116660919903807	1.723878268854376	0.6537885251455826	0.33971250253092283	0.49474504273230957	1.6152678231906632	0.8898377396416889	0.25572718224199903	0.5161387210869486	0.9115672720225689	2.0350900729957875	1.2308476362636134	0.7208738232836539	1.4313889660312726	0.7570949236801066	1.3643516467085495	1.079172916301184	1.7363794764604288	1.0780771008350742	1.0640027285352842	0.7084184519105632	0.9398265621401576	0.9234614619948491	0.8955054459586518	0.3460467154817624	0.82044360687456	0.11563740076249411	0.6299663661511246
1.8932118812586403	2.4019374592473963	2.5976063482780978	0.38829812081412945	1.4025356991610043	2.4041014591719043	1.4349002914790547	3.053426269194102	2.9929953241543705	1.1172006399017156	4.117701643850844	3.2132901665295326	3.241411262024839	4.180563215041507	7.361112470979958	0.0	3.4108397684043825	3.282868379947785	4.81965961294648	4.785114354093987	3.863768678938648	1.071501514147491	1.7480046769615132	1.8017039982289693	1.3387477764325848	0.731253391421953	1.1104630036228096	0.9153059106326976	0.7206977424557383	1.3640879642543984	0.7013533658740235	1.5542230258433407	0.8119044464644577	0.8414044955250795	0.6854562932480789	1.5027274263561659	0.7857927042866417	0.6946474928931594	0.4611661039142501	1.4794162349262758	0.33798829848072387	1.3331309515344953	0.5824739003645159	1.914284690644619	2.4490019620703083	1.607515941977227	0.020464428656975488	1.6980344897453719	1.1088574858069096	1.034110586390026	0.6390152978685951	0.5826448739980754	1.1357809450945666	1.4330633560995598	1.7111469675386033	1.3915084676705398	1.2947101145479956	1.426075833774845	1.1548066769111505	1.1177985819781031	0.33087117406948624	0.9477092651575639	1.4428296246618473	0.7452747277452426	0.6075892218401561	1.1001776528823253	0.48254754099502206	0.276016552899518	1.2671875105830848	0.5989234565675633	0.5255874746682572	0.8183934300084965	1.1619570231011924	0.7925274544216827	1.409465195596153	1.2898803207154679	0.941772668775046	0.6295357147092493	1.1045311581721233	0.843079653796452	0.5531908188990715	0.7287979968169558	0.6549011037032604	0.5858684535841557	0.2494714309708237	1.0775774981155548	0.44684721209192135	0.3052606147701704	1.0334753219264927	1.2364931946957403	1.1462822766366791	1.572836173236773	0.8997995173052066	0.9226169193506852	0.8346721612371896	0.7367158580688736
2.168774921747561	2.624958038376641	2.692949189434862	1.066369650954883	1.9180450461620804	2.4519600454975827	1.4711649243165088	3.044079477124045	2.3996639896464202	1.265785443710274	3.9165759165462273	3.250842230341987	2.8098459728692995	3.383016956309306	1.126339719304597	3.4108397684043825	0.0	23.573154148551286	10.559333427621105	35.39859795990677	4.148055450697584	1.1197326797557692	2.569963141669172	2.145184955724458	1.3415008530496495	2.1072182345116364	2.4622149852394952	1.661772559443238	0.25062807198126585	1.787160947053299	1.0496169453918804	1.898777553959802	0.3099829399926794	1.3729825928063324	1.1933217827510227	1.9331478242473121	1.1557307189253165	1.23175146186639	0.6769056807228512	2.025589403306412	0.887945740992374	0.9666144297627199	1.328117801916802	2.4099400293738866	2.8847007437092684	0.41074996351252596	1.2692646804513932	2.820481580277973	1.8421039996992081	0.7235274303268462	1.4131174863865914	0.8302880178288352	0.2610388640615466	2.337580604942543	1.2486369590817417	1.110459989321859	1.7758625644681298	2.1076463154019276	1.6272367909025376	2.2009259103721317	0.7699934718193047	0.38420999287799307	0.5381950712949435	0.2214219898692635	1.5260575147615603	0.4973944902309449	1.3771512328999616	1.1438985041633907	0.46493486778660564	1.2907986997155156	0.3132065627710383	0.1679793301900273	0.6612446991527201	1.3865249226728533	1.0732002186130345	0.6772195971160042	0.5842789633779658	0.7705833310155011	1.5076796582584162	0.9889759138477263	0.493858990851328	1.1450604373792015	0.5918667366619921	1.113936615426211	0.817148965334653	1.5548729932064742	0.8501792086437645	0.8297996728892378	0.7863426679873777	1.0242025677372402	0.9507639792427247	1.2270069230672214	0.49284150110466285	0.8715102761984428	0.37727542317744134	0.6122139024410619
1.158439387564312	1.5437682248958826	1.3210881478650667	0.7279794983141594	0.9164646783435118	0.682885743125937	0.4143927044071949	1.2626476759319143	0.8985877440250774	0.9453707792988173	1.453504642275041	1.151913810508903	0.24717290093335892	0.22869724004585895	4.109506165812416	3.282868379947785	23.573154148551286	0.0	46.85240910893277	12.32244588538206	9.908584500747837	4.685396190161561	1.8457944937282391	1.926911829102042	2.0689178021818684	1.4158374144602728	2.6560067888074292	2.981607904902841	1.2781109080245214	0.9376029429440687	1.1934139595685114	0.6967097831789334	1.3514493377635324	0.3813272089482476	1.1697770708761832	1.2004193109265122	1.2451327337251974	0.43084066611864114	0.7554233357445276	1.4874361805566492	0.7288168050178997	2.071951416069075	1.1667321541193962	1.6558844637455588	1.1760848598442843	2.338374482545431	1.4466584128521054	1.4383012860971487	1.0737507433761377	1.9594277153713684	0.9678242423210868	0.915185725005548	1.9543701165312741	2.061680915731572	2.5252451404939866	2.3136135775219446	2.000242716407757	2.1440779330851614	2.0422036527436234	1.2285958544699032	1.0766629703075692	1.6632021801494334	2.486875684464658	1.8718502982579726	1.7146338861501726	1.7897114823756999	1.036202452225368	0.9095431733544185	1.8464699161247438	0.6666643923900168	1.3814713324634742	1.4248031917029687	1.9633474166781875	1.1947052520033254	2.2593285115878277	1.90958811733041	1.7303728728989791	1.346287924886038	1.2800810083825451	1.198332126969212	1.237358508020177	1.2511730727058512	1.3052485851750677	1.0128997164914828	0.7289887465546736	1.4748412563143012	0.9919205303830175	0.7233284694323086	1.656901173075314	1.858386254008533	1.7371674565692736	2.348853835778147	1.673021020102243	1.9070544967439815	1.4693327432977132	1.802618241015558
2.427924110713137	2.976817524568072	2.832720724362258	1.5759645109955698	2.3919090407451336	2.5422019206101414	1.5941532454888023	3.195303211537567	2.128641935856302	1.698327776310344	4.131527634168812	3.657956059108312	2.9776797373539687	3.5246468082735984	1.3439094084360275	4.81965961294648	10.559333427621105	46.85240910893277	0.0	57.091143320861164	0.6919446250863567	4.359399961669029	3.2009684236505094	2.4022623845799185	2.148269335229555	3.624427653522733	4.227240668886439	3.470335055886569	0.9206727857303727	2.1818772275404483	1.6422614351438682	2.1511174422834127	1.033116883540518	1.7596869574131764	1.830913705888145	2.3991757590482807	1.7627771820712388	1.625891625346673	1.1021373754634354	2.6873097390223926	1.4099054532371385	1.7450611874099429	2.0686408115927515	3.067680216187259	3.303378902565283	1.3857230636180868	2.2805099403927125	3.769617943614364	2.5013414731361383	1.6781019877386663	2.093796561006247	1.340610171588983	1.205864479025069	3.4354675784902593	1.9855386046896701	1.9080004952870975	2.6691110792497628	3.1301284508508758	2.5837060669359757	3.1241896516428125	1.511028872816736	0.8724943774811488	0.9085890031209815	1.31923923832668	2.6967101575226224	0.4648489461048502	2.2191118179552394	1.932948249782865	0.7057861004389172	1.8483776657171036	1.1327900905208357	0.6251758546282896	1.1300074538544256	2.044628346476636	1.5527187061201073	0.5427977128585274	1.118770510347276	1.400028058188253	2.0291178363616695	1.4049796823639482	1.103353491896632	1.7689730976796718	1.1546148814710746	1.7083446096460886	1.3574962307344758	2.1753249495968343	1.4185979216076674	1.3440526631744139	1.1731965254861414	1.4033326653287428	1.350242301529443	1.460125159258681	0.9402721976637968	1.5978901049734067	0.6057317999360474	1.4296469009397823
1.3864148807000924	1.8972793443699643	1.4707416167875176	1.1321560557845747	1.4211326798797568	0.7991063399728183	0.5383267017817247	1.4940780421413067	0.3386765465949236	1.2876554817521	1.8222935332969117	1.860397302801067	0.9350119616535295	1.054934950592166	4.527451837556435	4.785114354093987	35.39859795990677	12.32244588538206	57.091143320861164	0.0	11.138424747315813	5.768321577043116	1.9395543956423935	1.9506483479748544	2.508486533810466	2.17473314221167	3.551319948580711	3.7170718052594487	1.5095496736874705	1.3010430402453956	1.5648639965473372	0.9433423546729854	1.6154827099965887	0.8287231782545883	1.5981200266319557	1.5986178818881591	1.6361762153538004	0.8343542422798851	0.9945318413567853	2.011431044085954	1.0776276476302948	2.4794715986180362	1.6816937539059436	2.223474103083107	1.6262795025668753	2.7358007427252264	2.074366310710769	2.3088201005840787	1.6322189887538812	2.398345323230735	1.4773335487846264	1.2020641300497585	2.288634387331133	2.8113596857480116	2.9499727408405603	2.7301990545039825	2.548872979014065	2.7976218663443637	2.584550857022446	1.902037800384944	1.4310236277912896	1.8519139047872943	2.7192079611924695	2.1977874157700223	2.298569509713202	1.87639887024941	1.5501989587066036	1.3803581565860008	2.016730499880946	1.101283716803465	1.663752662309303	1.5724610862120458	2.190025199589836	1.59609292601964	2.5196249041753807	1.9936691567292248	1.955053468561537	1.6389320675144277	1.6358241666095128	1.4399841311826898	1.4930339428938526	1.612039052184528	1.5554928190890578	1.3711918590759353	1.0530692686862575	1.8400563271356163	1.3012036472535988	1.0338620914356604	1.853440338005053	2.0698345039680506	1.9544786456801966	2.51747580683205	1.849978867823927	2.207174395968825	1.5728236959467186	2.087903504384557
2.4040632428541655	2.8801044189895304	2.7090252130987262	1.4613766896704907	2.2421109837910866	2.3716028593377523	1.442473433942309	2.984074016790099	1.929097797984651	1.4832766543308487	4.090651248576373	3.2695153754174684	2.5537239293434997	3.080610510277377	1.2530022670039394	3.863768678938648	4.148055450697584	9.908584500747837	0.6919446250863567	11.138424747315813	0.0	7.181704584738128	4.79610140263972	3.2229127854133344	2.660801906785602	4.96811104095615	5.44417650881855	4.326093035971028	0.8997122128309675	2.161047834655559	1.634165160328973	2.1392301096124218	0.9978169548914112	1.7418660876650998	1.844799165816554	2.417471276993614	1.7791410585275511	1.6252968715986202	1.0880484279668015	2.7949671448001965	1.4256948145621422	1.8568296364074643	2.156558537289786	3.1501289883979178	3.3975290668763627	1.4886550783902988	2.4681969889083337	4.212195019740933	2.6231327216288274	1.8090022361212605	2.227471898316957	1.3862073412646114	1.3228206030802379	3.964706500688651	2.2180327859123685	2.16171671131899	2.9822413152108798	3.5752825002180253	2.9469564385365854	3.6487150029120827	1.6919803819603845	0.9465159924147885	1.1257170990551877	1.5291248751195932	3.119677694568234	0.47539315607078353	2.506997476373513	2.165823093537618	0.8091094611024453	1.99144720929818	1.247693343463214	0.6663551701271395	1.2980466183176465	2.2319333416846856	1.7758987413716922	0.676011475398592	1.2589093671898028	1.5228289447952263	2.1247010039575085	1.4633327366117623	1.1849568561048083	1.9071931244418185	1.2437699440418861	1.8396111910398907	1.4450832656104708	2.3604680298078806	1.51561003937671	1.4250263258365818	1.2931897390713696	1.5457749833933359	1.4764791721768336	1.6643436849175914	1.0559870794311108	1.7862761095120019	0.6786812315424243	1.5795445073275984
